NumCols:	9
A	-0.065	-0.604	-0.019	0.065	-0.045	-0.008	-0.000	-0.046	0.012
C	0.000	0.000	0.000	-0.001	-0.004	0.001	-0.000	0.000	0.000
D	0.009	0.000	0.729	-0.030	0.072	0.018	0.000	0.000	0.000
E	0.018	-0.154	0.000	-0.247	0.047	0.005	0.000	-0.092	0.000
F	0.084	0.659	-0.231	0.147	0.221	0.015	0.000	0.232	0.027
G	0.001	0.000	-0.124	-0.052	0.039	-0.010	0.000	0.008	0.000
H	0.009	-0.405	0.425	-0.024	-0.088	0.006	-0.000	0.043	-0.008
I	-0.022	0.739	0.402	0.175	-0.115	-0.003	-0.000	0.012	0.010
K	-0.004	-0.944	-0.141	0.013	-0.095	0.002	0.000	0.039	0.005
L	0.057	-0.007	-0.007	0.055	0.133	0.039	0.000	0.018	0.002
M	-0.023	-0.954	-0.200	0.047	0.148	-0.004	-0.000	0.044	-0.039
N	0.009	0.643	0.067	-0.105	0.088	0.007	0.000	-0.006	0.000
P	0.000	1.030	0.648	-0.125	-0.195	-0.015	-0.000	-0.184	0.000
Q	0.004	-0.945	0.206	-0.034	0.035	-0.015	0.000	0.022	0.000
R	-0.030	-0.276	0.039	0.013	-0.226	-0.023	0.000	-0.045	0.008
S	-0.077	-0.170	-0.289	0.004	0.049	-0.001	0.000	0.054	0.000
T	-0.004	0.496	-0.441	0.104	-0.091	-0.018	-0.000	-0.026	0.000
V	0.016	0.216	0.030	0.032	-0.133	0.007	0.000	-0.029	0.009
W	-0.013	0.716	-0.565	-0.081	0.061	0.004	0.000	0.000	0.000
Y	0.032	-0.042	-0.529	0.042	0.099	-0.007	-0.000	-0.046	-0.026
Intercept	3.21297
