NumCols:	9
A	-0.049	-0.317	0.190	0.027	-0.033	0.000	-0.070	-0.024	0.000
C	-0.021	0.000	0.000	-0.046	0.016	0.000	-0.038	0.015	0.000
D	0.000	0.000	0.387	0.052	0.004	0.000	0.000	0.000	0.000
E	0.000	0.000	0.000	-0.056	0.033	0.000	0.000	-0.000	0.000
F	0.027	0.465	-0.303	0.136	0.029	0.000	-0.040	-0.012	0.065
G	-0.017	-0.449	-0.111	-0.164	0.025	-0.000	0.192	-0.033	0.000
H	0.102	0.000	0.348	0.010	-0.028	-0.000	0.020	0.007	0.000
I	-0.141	-0.332	-0.518	0.012	-0.039	-0.000	-0.039	0.008	0.000
K	0.006	0.000	-0.087	-0.037	0.008	-0.000	0.087	0.005	-0.383
L	0.041	0.112	-0.370	-0.063	0.037	0.000	0.000	0.064	0.000
M	0.162	0.459	-0.516	-0.002	-0.006	-0.000	-0.002	-0.004	0.237
N	0.000	0.000	0.535	0.083	-0.025	-0.000	0.081	0.022	0.000
P	0.000	0.000	0.000	0.061	-0.011	0.000	0.081	-0.054	0.000
Q	0.044	0.000	0.000	-0.066	-0.006	0.000	-0.019	-0.001	0.000
R	-0.145	0.685	0.069	-0.023	-0.045	0.000	-0.079	-0.039	-0.148
S	-0.107	-0.651	-0.093	0.018	-0.034	0.000	-0.113	0.033	0.000
T	-0.014	-0.170	0.121	-0.031	0.002	-0.000	-0.086	0.031	0.000
V	0.094	0.199	0.257	0.014	0.016	0.000	0.028	0.005	0.000
W	0.004	0.000	0.247	0.063	-0.007	-0.000	0.037	0.000	0.000
Y	0.015	0.000	-0.153	0.012	0.064	0.000	-0.039	-0.023	0.229
Intercept	3.74848
