NumCols:	9
A	0.031	0.205	-0.001	0.017	0.143	0.059	-0.020	0.192	0.000
C	0.000	0.000	0.000	-0.004	0.000	0.047	0.026	-0.043	0.000
D	0.000	0.000	0.200	-0.033	0.170	-0.123	-0.016	0.073	0.000
E	0.000	0.334	0.106	-0.090	0.000	-0.048	0.006	0.054	0.000
F	-0.007	0.000	-0.141	-0.026	0.341	-0.052	0.001	0.039	0.000
G	-0.025	0.083	0.072	0.043	0.188	-0.077	-0.042	0.074	0.000
H	0.033	0.000	0.159	-0.038	-0.680	0.210	0.037	-0.014	0.000
I	0.082	-0.030	-0.112	0.042	-0.189	-0.028	0.032	0.053	-0.000
K	-0.057	0.000	0.039	0.008	-0.944	-0.014	0.009	0.027	0.000
L	0.035	-0.220	0.109	0.031	-0.033	0.167	0.021	0.030	-0.000
M	0.018	-0.364	-0.067	-0.023	0.040	0.116	-0.024	-0.164	-0.000
N	0.046	0.220	-0.010	0.042	0.418	-0.020	0.016	-0.053	0.000
P	0.000	0.000	0.126	0.079	-0.305	-0.030	-0.019	-0.035	0.000
Q	-0.017	-0.766	-0.087	-0.016	0.062	-0.038	0.004	-0.240	0.000
R	-0.166	0.304	-0.382	-0.096	-0.238	-0.117	0.012	-0.027	0.000
S	-0.017	0.187	0.085	-0.043	0.387	-0.066	-0.002	0.151	0.000
T	0.035	-0.001	0.054	0.085	0.264	0.086	0.001	-0.105	0.000
V	-0.004	0.040	0.235	-0.023	-0.009	0.027	-0.032	-0.159	0.000
W	0.054	0.000	0.028	0.056	0.155	-0.066	0.002	0.063	0.000
Y	-0.041	0.008	-0.412	-0.011	0.228	-0.033	-0.012	0.085	0.000
Intercept	2.24599
