NumCols:	11
A	-0.130	-0.413	0.169	0.031	0.059	-0.138	0.014	-0.007	-0.098	-0.110	-0.101
C	0.071	0.122	0.187	0.026	-0.016	-0.209	0.001	0.028	-0.007	0.027	-0.042
D	-0.139	0.117	-0.135	-0.096	-0.020	0.219	0.030	0.024	-0.103	0.083	-0.052
E	0.040	0.173	0.089	0.069	0.101	-0.062	0.020	0.045	0.056	0.022	0.181
F	-0.106	0.005	0.013	0.002	0.021	0.162	-0.041	-0.027	0.008	-0.004	-0.028
G	0.238	0.010	0.103	-0.050	0.044	0.004	0.023	-0.013	0.022	-0.057	-0.067
H	0.054	0.023	0.054	0.041	-0.114	0.224	0.036	0.016	0.077	-0.123	0.180
I	-0.268	-0.082	-0.126	0.126	0.053	0.099	-0.012	0.010	0.053	0.038	0.074
K	-0.091	0.036	0.107	0.021	0.028	-0.093	-0.030	-0.010	-0.004	-0.018	0.230
L	0.159	-0.023	0.095	0.081	0.023	-0.084	-0.044	-0.050	-0.035	0.077	0.098
M	0.044	-0.182	0.067	0.044	0.014	0.212	0.012	-0.042	-0.046	-0.052	-0.517
N	-0.153	0.053	-0.121	-0.095	-0.507	0.101	-0.041	-0.048	-0.103	-0.000	0.088
P	-0.017	0.048	0.017	0.044	0.060	0.138	0.007	0.011	-0.001	-0.015	-0.003
Q	0.144	-0.229	-0.097	-0.241	-0.024	-0.462	0.001	0.011	0.054	0.001	0.034
R	0.072	0.246	0.238	0.230	0.095	-0.121	-0.027	-0.029	0.099	0.030	0.231
S	-0.218	0.152	-0.020	-0.327	0.019	-0.064	0.034	-0.008	0.040	-0.057	-0.127
T	0.058	0.097	0.071	0.081	0.133	0.048	0.026	0.035	-0.053	0.061	-0.145
V	0.110	-0.096	-0.535	0.015	0.042	-0.048	-0.016	0.040	0.042	0.077	-0.213
W	0.058	-0.081	0.065	0.012	0.011	0.000	-0.000	0.000	0.000	0.000	0.000
Y	0.075	0.025	-0.243	-0.015	-0.024	0.075	0.005	0.014	-0.001	0.022	0.179
Intercept	4.42406
