NumCols:	8
A	0.353	0.000	0.000	0.373	-0.242	-0.599	-0.015	0.104
C	-0.227	0.000	0.002	-0.453	0.032	0.578	-0.310	0.000
D	0.663	0.421	-0.001	-0.119	0.017	0.400	-0.210	0.000
E	-0.867	-1.224	0.006	-0.502	0.219	0.688	0.304	0.000
F	-0.680	0.000	0.002	0.578	0.058	-0.776	-0.408	-0.031
G	0.359	0.000	0.009	0.955	-0.404	-0.727	0.153	0.000
H	-0.916	1.258	-0.001	0.261	-0.017	-0.103	0.000	0.000
I	0.230	0.000	-0.005	-0.328	0.055	0.488	0.053	-0.233
K	0.165	0.000	-0.003	-0.506	0.018	-0.710	0.714	0.000
L	-0.032	0.000	-0.012	-1.158	0.056	-0.036	-0.941	-0.148
M	0.600	0.000	0.000	-0.188	0.010	-0.144	-0.044	0.046
N	0.149	0.000	-0.005	0.313	-0.038	-0.484	0.224	0.000
P	0.998	0.000	0.013	1.002	-0.042	0.377	0.107	0.000
Q	0.159	0.000	0.000	-0.286	-0.009	-0.249	0.121	0.000
R	1.372	0.000	-0.011	0.330	0.051	-0.221	0.172	0.000
S	-0.975	0.000	0.008	0.367	0.074	0.162	-0.253	0.000
T	-0.112	-0.456	-0.002	0.077	0.082	0.464	0.018	0.000
V	0.053	0.000	0.010	0.179	-0.006	-0.295	0.200	0.073
W	-0.542	0.000	-0.005	-0.327	0.049	0.271	0.095	0.116
Y	-0.750	0.000	-0.004	-0.568	0.037	0.914	0.020	0.072
Intercept	3.84263
