NumCols:	10
A	-0.000	0.260	-0.093	-0.093	-0.024	-0.209	-0.020	-0.014	-0.004	-0.328
C	-0.000	-0.035	0.205	0.091	0.011	0.057	0.003	-0.182	0.017	0.000
D	0.000	-0.164	-0.020	0.198	0.009	0.025	0.006	0.098	0.016	0.390
E	-0.000	0.000	0.129	-0.038	-0.006	0.024	0.007	-0.143	0.039	0.000
F	-0.000	0.284	0.065	-0.026	-0.005	0.023	0.014	0.056	0.012	0.505
G	0.000	0.224	0.065	-0.068	0.059	-0.098	-0.011	0.180	0.012	0.399
H	-0.000	-0.247	-0.018	0.042	0.021	0.068	-0.002	-0.150	0.001	0.000
I	-0.000	0.174	-0.084	0.015	0.007	0.016	0.003	0.073	0.055	-0.365
K	0.000	0.000	-0.018	0.117	0.048	-0.034	0.001	0.117	-0.022	-0.172
L	0.000	-0.040	-0.179	-0.132	-0.044	0.210	-0.015	0.146	-0.064	-0.215
M	0.000	0.000	-0.218	0.125	-0.027	-0.060	-0.005	0.018	-0.008	-0.010
N	0.000	0.117	0.028	0.020	-0.012	0.078	-0.005	-0.054	-0.034	-0.068
P	0.000	0.000	0.110	0.113	-0.024	-0.010	-0.000	0.230	-0.052	0.012
Q	0.000	0.000	-0.045	0.107	-0.035	-0.039	0.011	0.150	0.123	0.144
R	0.000	0.004	0.236	-0.233	0.007	-0.231	0.010	-0.020	-0.021	0.288
S	-0.000	0.000	0.025	-0.063	-0.014	-0.085	0.004	-0.292	-0.109	-0.171
T	-0.000	-0.031	0.186	-0.154	-0.005	0.108	-0.020	-0.269	-0.086	0.163
V	0.000	-0.016	-0.022	-0.148	-0.037	-0.009	0.007	0.069	0.050	-0.767
W	-0.000	0.078	-0.282	0.000	0.016	0.072	0.001	-0.126	0.057	0.146
Y	0.000	-0.608	-0.072	0.127	0.055	0.094	0.011	0.113	0.016	0.051
Intercept	4.18446
