NumCols:	10
A	-0.012	-0.081	-0.055	-0.039	0.052	-0.000	-0.046	-0.030	-0.142	-0.021
C	-0.011	0.097	0.087	0.001	0.070	0.000	-0.008	-0.028	-0.005	0.143
D	0.061	0.042	-0.081	-0.048	0.109	0.000	-0.007	0.003	0.012	0.189
E	0.091	0.088	-0.052	-0.099	0.039	0.002	0.033	0.042	0.053	0.106
F	0.060	-0.111	-0.341	-0.255	-0.250	-0.003	-0.048	-0.019	-0.113	-0.264
G	0.113	0.047	0.132	0.137	0.072	-0.001	0.010	-0.027	0.027	0.102
H	-0.004	0.089	0.173	-0.130	-0.069	0.000	0.003	0.022	0.023	0.019
I	-0.165	-0.074	-0.001	-0.005	0.047	0.002	0.026	0.001	0.039	-0.161
K	-0.184	-0.031	0.031	0.004	-0.078	-0.001	0.006	0.039	-0.071	0.081
L	0.140	0.223	0.188	0.120	-0.024	-0.002	0.007	-0.032	0.012	-0.350
M	0.042	0.020	-0.067	0.043	0.039	-0.001	-0.024	-0.025	-0.046	-0.234
N	-0.007	-0.124	0.041	0.008	-0.003	0.001	0.016	0.064	0.080	0.016
P	0.099	0.125	0.023	0.003	-0.005	-0.001	-0.008	-0.041	0.110	0.111
Q	0.023	-0.012	-0.077	0.027	0.048	0.000	-0.013	0.016	0.096	-0.065
R	0.071	-0.031	0.136	0.043	0.099	-0.001	0.031	-0.021	0.012	0.275
S	-0.210	-0.150	0.126	0.079	-0.053	-0.002	0.007	-0.004	-0.101	-0.162
T	0.033	-0.011	0.179	0.008	-0.011	0.000	0.024	0.027	0.096	0.214
V	-0.157	-0.014	-0.017	0.162	0.069	0.004	0.009	0.019	0.051	-0.240
W	-0.048	-0.029	-0.025	0.024	-0.052	0.001	-0.009	0.022	-0.015	0.202
Y	0.065	-0.064	-0.401	-0.084	-0.100	0.000	-0.009	-0.028	-0.119	0.037
Intercept	4.17933
