NumCols:	10
A	0.257	0.023	-0.059	-0.034	0.009	-0.018	-0.002	-0.020	-0.138	0.095
C	0.104	0.000	-0.042	-0.090	0.072	-0.015	-0.001	-0.127	0.023	0.223
D	0.295	0.044	0.085	0.072	0.136	0.010	0.003	-0.032	0.122	0.414
E	0.131	0.097	0.147	0.151	-0.072	0.004	0.002	0.107	0.031	0.680
F	-0.467	-0.078	-0.178	-0.037	-0.129	0.012	-0.001	0.011	0.045	-0.617
G	0.323	0.041	0.244	0.042	0.023	-0.003	0.003	0.132	0.027	0.000
H	-0.041	0.012	-0.111	0.081	0.029	-0.002	-0.001	0.003	-0.057	0.000
I	-0.113	0.035	-0.155	-0.061	-0.083	0.001	-0.003	0.121	-0.034	-0.821
K	0.411	0.059	0.162	0.096	0.114	0.020	0.007	0.146	0.115	-0.104
L	-0.330	0.135	-0.071	0.019	0.062	-0.005	-0.004	-0.051	0.033	-0.547
M	-0.502	-0.044	0.004	-0.107	-0.116	0.003	-0.002	-0.026	-0.001	-0.479
N	0.323	-0.011	0.055	-0.018	0.146	-0.007	0.000	0.018	-0.026	0.405
P	0.191	-0.548	0.104	-0.015	0.010	-0.022	-0.001	-0.101	-0.158	0.460
Q	0.023	-0.011	0.037	-0.092	-0.146	-0.008	-0.007	0.038	0.040	0.744
R	0.120	0.006	-0.067	0.065	0.059	0.020	0.006	-0.130	0.050	0.238
S	0.195	0.113	0.158	-0.009	-0.066	0.006	-0.001	-0.058	-0.013	-0.048
T	0.082	0.115	-0.057	0.064	-0.015	0.013	-0.002	-0.050	-0.018	0.019
V	-0.185	0.043	0.029	-0.074	0.051	-0.002	0.002	0.021	-0.092	-0.535
W	-0.440	-0.069	0.027	-0.023	-0.088	-0.004	-0.002	-0.078	0.114	-0.245
Y	-0.378	0.038	-0.312	-0.028	0.004	-0.005	0.003	0.076	-0.063	0.119
Intercept	4.89605
