NumCols:	10
A	0.394	-0.511	-0.336	-0.016	-0.025	-0.089	0.008	0.085	0.000	0.079
C	0.073	0.000	0.073	-0.008	-0.167	0.085	0.091	0.182	0.000	-0.061
D	0.336	0.000	0.275	0.040	-0.033	0.067	0.047	0.400	0.000	0.060
E	0.162	0.212	-0.015	0.014	-0.045	-0.138	0.177	0.077	-0.000	0.193
F	0.115	0.327	-0.053	-0.144	0.045	-0.066	-0.002	-0.707	-0.000	0.029
G	0.343	0.164	0.263	0.059	0.187	0.003	-0.022	0.078	0.000	-0.299
H	-0.285	0.000	0.000	-0.116	0.015	0.029	0.075	-0.010	0.000	0.229
I	-0.087	-0.163	0.185	-0.077	-0.018	-0.003	-0.139	-0.163	0.000	-0.038
K	-0.575	0.127	0.002	0.014	-0.112	0.172	-0.051	-0.171	0.000	0.363
L	0.275	0.032	0.067	-0.053	0.005	-0.101	-0.124	0.027	-0.000	0.022
M	0.022	0.082	0.000	0.063	-0.009	0.057	-0.118	0.215	-0.000	-0.058
N	-0.404	0.073	0.328	0.056	0.003	0.151	-0.031	0.238	-0.000	-0.219
P	0.321	0.416	0.296	0.049	0.068	0.025	-0.081	-0.038	0.000	-0.003
Q	-0.017	0.541	0.188	-0.057	0.063	0.074	-0.023	0.046	-0.000	0.181
R	-0.377	0.314	0.134	0.018	-0.012	0.031	0.007	-0.128	0.000	-0.125
S	-0.435	-0.617	-0.627	-0.044	0.009	-0.171	0.028	-0.057	0.000	0.180
T	-0.127	-0.782	-0.576	0.153	0.002	0.031	0.093	0.297	-0.000	0.256
V	0.153	-0.437	-0.092	0.023	-0.011	0.025	-0.058	-0.046	-0.000	0.203
W	0.084	0.292	-0.156	-0.018	0.048	-0.173	0.050	0.219	-0.000	-0.879
Y	0.031	-0.071	0.042	0.042	-0.016	-0.011	0.072	-0.544	0.000	-0.111
Intercept	4.36541
