NumCols:	9
A	-0.145	0.108	-0.513	-0.172	0.035	0.099	-0.116	-0.048	-0.423
C	0.221	0.324	0.144	-0.042	-0.054	-0.034	0.037	0.154	0.650
D	0.844	0.324	0.040	-0.315	0.049	0.139	-0.071	0.432	-0.186
E	0.720	0.890	0.353	-0.216	0.023	0.087	-0.098	-0.175	-0.065
F	-0.922	-0.094	-0.354	0.003	-0.272	-0.218	-0.355	-0.374	0.009
G	0.058	-0.085	0.163	-0.157	0.109	0.167	0.241	-0.001	-0.273
H	0.116	0.050	0.102	0.033	-0.127	0.144	-0.175	0.007	0.454
I	-0.135	-0.572	-0.132	0.129	-0.300	-0.196	0.156	0.173	-0.619
K	-0.195	0.233	0.352	0.103	0.131	0.449	0.554	0.243	0.779
L	-0.138	-1.345	0.233	0.145	-0.107	-0.265	0.183	-0.233	-0.945
M	-0.461	-1.250	-0.561	0.093	0.092	-0.138	-0.063	0.100	-0.252
N	0.087	0.410	-0.217	0.118	0.122	-0.078	-0.031	-0.014	-0.315
P	0.503	1.043	0.100	-0.045	0.264	0.028	0.190	-0.080	-0.101
Q	0.011	-0.308	0.135	0.037	0.034	-0.003	0.062	-0.004	0.288
R	0.099	0.877	0.425	0.226	0.161	0.218	0.470	0.077	0.578
S	-0.089	-0.004	-0.352	-0.121	0.040	-0.151	-0.029	-0.086	0.282
T	0.161	-0.128	0.128	0.118	0.195	-0.170	-0.083	0.143	0.148
V	0.035	-0.341	-0.037	0.092	-0.097	-0.145	-0.060	0.264	-1.051
W	-0.221	-0.272	0.149	0.026	0.052	0.112	-0.390	-0.157	0.440
Y	-0.547	0.140	-0.157	-0.056	-0.351	-0.044	-0.422	-0.420	0.602
Intercept	4.16801
