NumCols:	9
A	0.188	0.093	-0.282	-0.132	-0.079	-0.191	-0.094	-0.776	-0.078
C	0.229	0.317	-0.008	-0.043	0.085	0.079	-0.113	-0.096	0.013
D	0.789	0.681	-0.319	-0.020	0.084	0.230	0.246	0.627	0.237
E	-0.122	-0.068	-0.003	-0.131	0.108	0.126	0.431	-0.039	0.797
F	-0.809	0.668	-0.338	0.079	0.035	-0.042	-0.201	0.385	-0.318
G	0.548	0.530	0.524	-0.166	-0.091	-0.023	0.399	0.124	0.424
H	-0.727	-1.360	-0.282	0.028	-0.065	-0.032	-0.406	0.072	0.224
I	0.349	0.319	-0.388	0.174	-0.034	0.036	-0.140	-0.396	-0.730
K	0.440	-0.702	0.846	0.080	0.291	0.232	0.640	0.510	0.919
L	0.214	0.439	-0.019	0.004	-0.128	0.142	-0.123	-0.047	-1.647
M	-0.775	-0.362	-0.666	0.041	0.008	0.021	-0.107	-0.073	-0.918
N	-0.238	0.242	-0.241	0.131	0.025	-0.038	-0.120	0.376	0.051
P	1.440	-0.555	0.558	-0.002	0.177	-0.117	0.073	-0.665	-0.154
Q	-0.154	-0.965	-0.155	0.009	0.022	0.055	0.038	0.112	0.265
R	0.191	-1.000	0.818	0.133	0.258	-0.010	0.497	0.310	0.583
S	-0.208	0.193	-0.029	-0.071	-0.055	-0.250	-0.022	-0.432	0.390
T	-0.415	0.325	0.286	-0.058	-0.234	-0.154	0.005	-0.464	0.351
V	0.397	0.244	-0.116	0.061	-0.012	-0.043	-0.222	-0.569	-0.824
W	-0.572	0.670	0.089	-0.103	-0.313	0.011	-0.293	0.649	-0.188
Y	-0.762	0.291	-0.276	-0.013	-0.082	-0.034	-0.487	0.391	0.603
Intercept	5.2854
