NumCols:	8
A	0.055	-0.000	-0.412	0.034	0.001	-0.000	0.007	0.067
C	0.022	-0.116	-0.067	0.010	-0.005	0.000	0.000	0.152
D	0.000	0.001	0.090	-0.045	0.004	-0.000	0.068	0.000
E	0.146	0.142	0.150	0.047	0.008	-0.000	-0.066	0.000
F	-0.285	0.214	-0.200	-0.026	-0.001	-0.000	0.021	0.013
G	0.046	0.015	-0.590	-0.032	0.000	0.000	-0.067	0.000
H	-0.042	0.280	0.145	0.022	0.007	0.000	0.005	0.000
I	-0.387	-0.318	0.054	-0.076	0.003	-0.000	0.094	-0.041
K	0.035	0.000	0.083	0.036	-0.000	0.000	0.151	0.222
L	-0.189	-0.915	-0.183	-0.043	-0.006	-0.000	-0.051	-0.740
M	-0.242	-0.565	-0.207	0.005	0.001	-0.000	-0.069	0.030
N	-0.022	0.228	-0.059	0.029	-0.004	0.000	-0.018	0.000
P	0.196	0.313	0.028	-0.011	-0.000	-0.000	-0.215	-0.338
Q	0.154	-0.120	0.190	-0.017	-0.007	0.000	0.089	0.218
R	0.251	0.332	0.414	0.024	0.004	0.000	0.216	0.322
S	0.141	0.054	0.093	0.007	0.016	0.000	0.020	0.000
T	0.265	0.300	0.157	-0.024	0.002	0.000	-0.199	0.342
V	0.023	0.243	0.221	0.019	-0.009	-0.000	-0.008	-0.442
W	0.023	0.000	0.138	-0.004	-0.002	0.000	-0.006	0.029
Y	-0.191	-0.090	-0.044	0.044	-0.010	0.000	0.028	0.166
Intercept	4.58364
