NumCols:	10
A	-0.229	0.169	-0.020	-0.117	-0.480	-0.096	-0.020	0.163	0.049	-0.378
C	0.208	0.015	-0.022	0.101	-0.090	-0.083	0.056	0.106	-0.072	-0.082
D	0.146	-0.077	0.061	0.179	0.022	0.188	-0.078	0.186	0.025	0.173
E	-0.151	0.153	0.381	0.182	0.345	0.229	0.017	0.033	0.060	0.322
F	0.227	-0.187	-0.158	0.135	-0.177	-0.048	-0.116	-0.183	0.050	-0.090
G	-0.020	-0.025	0.293	0.031	0.144	0.065	0.113	0.127	0.027	-0.183
H	-0.158	-0.164	-0.227	-0.267	-0.156	-0.110	0.034	0.233	0.080	0.038
I	-0.424	0.115	-0.068	0.028	0.212	0.066	0.116	-0.129	-0.080	-0.138
K	-0.620	-0.239	-0.172	-0.335	-0.117	0.027	-0.038	-0.236	0.089	-0.535
L	0.159	0.097	-0.055	-0.073	-0.163	-0.208	-0.048	0.108	-0.111	-0.094
M	-0.187	0.011	0.266	0.021	0.131	-0.035	-0.081	-0.002	-0.104	0.125
N	-0.026	0.000	-0.360	0.168	0.050	0.050	0.059	-0.120	0.045	0.092
P	0.318	0.529	0.497	-0.056	0.416	0.114	-0.013	-0.284	-0.198	0.077
Q	-0.055	0.253	-0.077	0.164	0.230	-0.054	0.147	0.133	0.063	0.288
R	-0.287	0.153	0.002	-0.241	0.039	-0.018	-0.165	-0.005	0.114	0.005
S	0.165	-0.450	-0.245	-0.080	-0.159	-0.024	0.093	-0.071	-0.041	-0.045
T	0.299	-0.120	-0.087	0.061	-0.083	-0.158	-0.085	-0.020	0.061	0.182
V	0.193	-0.220	-0.062	0.093	-0.049	-0.021	0.036	0.147	-0.105	-0.054
W	0.065	-0.111	0.266	-0.072	0.031	0.090	-0.029	-0.012	0.085	0.297
Y	0.377	0.099	-0.213	0.076	-0.148	0.026	0.000	-0.175	-0.035	-0.000
Intercept	4.03394
