NumCols:	10
A	-0.108	-0.275	-0.126	0.003	-0.056	-0.112	0.093	0.025	-0.295	-0.677
C	0.112	0.704	0.016	-0.058	-0.057	-0.119	-0.227	-0.045	0.245	0.981
D	0.643	0.000	0.143	-0.138	-0.062	-0.073	0.042	0.099	0.361	0.237
E	0.560	0.350	0.398	-0.096	-0.060	-0.004	0.298	0.192	-0.073	0.000
F	-0.708	-0.282	-0.251	0.252	-0.133	-0.241	-0.496	-0.276	0.001	0.035
G	0.157	0.645	0.168	-0.189	0.040	0.042	-0.085	0.187	-0.246	-0.998
H	0.014	0.436	0.188	0.065	0.060	0.210	0.152	0.062	0.106	0.093
I	0.005	-0.524	-0.318	-0.018	-0.024	-0.029	-0.226	-0.161	0.120	-0.659
K	-0.181	-0.447	0.566	0.289	0.193	0.255	0.407	0.573	0.312	0.787
L	-0.239	-0.458	-0.509	0.002	0.005	-0.262	-0.404	-0.079	0.010	-0.613
M	-0.378	-0.546	-0.557	-0.015	-0.098	-0.055	-0.220	-0.211	0.099	-0.347
N	0.126	0.465	0.277	-0.019	0.101	0.178	-0.054	0.013	0.040	0.229
P	0.704	0.671	0.001	-0.070	0.020	0.037	0.055	-0.278	-0.449	0.315
Q	0.138	-0.817	0.104	0.070	0.243	0.215	0.118	0.235	0.028	0.534
R	-0.033	0.488	0.595	0.047	0.334	0.182	0.259	0.312	0.117	0.451
S	-0.191	-0.325	-0.001	0.003	-0.049	0.071	-0.013	0.058	-0.055	-0.308
T	0.085	-0.425	0.102	-0.115	-0.098	-0.106	0.022	0.119	-0.108	-0.192
V	0.172	-0.499	-0.287	0.031	-0.079	-0.043	-0.029	0.057	0.214	-1.304
W	-0.295	0.580	-0.124	-0.018	-0.198	0.043	0.226	-0.596	-0.097	0.771
Y	-0.582	0.260	-0.384	-0.028	-0.081	-0.188	0.082	-0.284	-0.332	0.666
Intercept	4.33791
