NumCols:	8
A	0.040	0.048	-0.045	0.149	0.109	0.006	0.003	0.061
C	0.166	0.094	0.010	0.081	-0.647	-0.013	0.000	0.081
D	0.000	0.003	-0.021	0.146	-0.043	0.000	0.021	0.000
E	0.115	0.028	-0.012	0.042	-0.193	0.013	0.022	0.000
F	-0.567	-0.039	0.055	0.000	0.262	-0.026	0.001	0.008
G	0.182	-0.124	0.082	-0.040	0.104	0.018	-0.014	0.000
H	-0.047	0.072	0.000	0.097	0.020	-0.019	-0.008	0.000
I	0.020	0.073	-0.002	0.104	-0.031	-0.032	0.027	0.033
K	0.144	0.000	0.020	0.049	-0.121	0.035	-0.042	0.054
L	-0.358	0.146	-0.021	-0.018	0.141	-0.030	0.008	0.185
M	0.003	0.029	0.002	-0.180	0.145	0.028	-0.042	0.015
N	0.356	0.000	-0.033	0.180	0.181	-0.071	0.000	0.000
P	0.055	-0.519	-0.018	-0.239	0.337	-0.035	0.007	0.000
Q	0.424	0.008	-0.050	0.044	-0.026	0.143	0.022	0.048
R	0.051	-0.017	0.007	0.064	0.043	0.004	0.016	0.026
S	-0.106	0.122	0.001	-0.252	0.002	0.003	0.005	0.000
T	-0.002	0.045	-0.008	-0.014	0.031	0.030	0.030	0.028
V	-0.044	0.018	0.000	-0.140	0.022	-0.033	-0.030	-0.008
W	0.196	0.000	0.008	-0.036	0.020	0.000	0.000	-0.066
Y	-0.629	0.014	0.025	-0.035	-0.355	-0.021	-0.026	-0.466
Intercept	4.72662
