NumCols:	9
A	0.002	-0.000	0.008	-0.074	0.056	-0.000	0.011	0.000	0.000
C	0.000	0.000	0.000	0.000	0.000	0.000	0.000	0.000	0.000
D	0.000	0.000	0.000	0.096	0.000	-0.000	0.002	0.000	0.000
E	0.013	0.000	0.000	0.261	-0.028	0.000	0.000	0.000	0.000
F	-0.116	0.000	-0.233	-0.238	0.424	-0.000	-0.005	0.000	-0.168
G	0.270	0.000	0.000	-0.344	0.092	-0.000	0.000	-0.000	0.000
H	0.083	0.000	-0.012	0.099	0.116	0.000	0.001	-0.000	0.000
I	0.074	-0.000	-0.034	-0.244	-0.074	-0.000	-0.007	-0.000	-0.093
K	0.028	0.000	0.002	0.390	0.000	0.000	0.000	-0.000	0.199
L	0.075	-0.000	0.129	-0.108	-0.143	0.000	0.005	0.000	0.113
M	-0.143	0.000	0.052	-0.026	0.097	0.000	0.007	0.000	0.005
N	0.000	0.000	-0.034	-0.156	0.008	-0.000	-0.001	0.000	0.000
P	0.000	0.000	0.052	-0.099	0.267	-0.000	-0.006	-0.000	0.000
Q	0.000	0.000	0.000	0.090	-0.179	0.000	0.008	-0.000	0.000
R	0.028	0.000	-0.030	0.263	-0.302	0.000	-0.004	0.000	0.262
S	-0.167	-0.000	-0.040	0.203	-0.172	0.000	0.008	-0.000	0.000
T	0.003	-0.000	-0.001	-0.043	0.292	-0.000	-0.002	-0.000	0.000
V	0.000	-0.000	0.065	0.048	-0.007	-0.000	0.003	0.000	0.164
W	-0.077	0.000	0.064	0.000	-0.495	0.000	-0.007	0.000	-0.268
Y	-0.073	0.000	0.012	-0.120	0.048	-0.000	-0.012	-0.000	-0.213
Intercept	2.16325
