NumCols:	9
A	0.745	0.289	-0.609	-0.035	0.001	0.649	-0.324	-0.292	0.820
C	0.160	0.334	0.001	0.044	-0.000	0.203	-0.107	0.013	-0.000
D	-1.042	0.123	0.890	-0.074	-0.000	0.199	0.134	0.121	-0.000
E	-1.263	0.107	1.055	-0.094	0.001	0.050	0.224	0.044	0.027
F	-0.894	0.396	-0.474	-0.012	-0.000	-0.127	0.262	0.267	-0.885
G	0.750	1.056	0.754	-0.054	-0.001	0.492	-0.412	-0.097	0.093
H	-0.864	0.714	0.122	0.010	-0.003	0.227	-0.246	0.045	0.262
I	0.170	-1.395	-0.959	0.022	0.000	-0.464	0.225	0.092	-0.442
K	0.959	0.225	-0.370	-0.007	0.002	0.059	0.284	-0.257	0.582
L	0.982	-0.289	0.400	0.012	0.001	-0.514	0.055	0.308	-0.491
M	-0.492	0.287	-0.474	0.004	-0.000	-1.005	-0.059	-0.023	-0.768
N	0.170	0.029	0.085	0.022	-0.001	0.201	-0.262	0.036	-0.000
P	-0.000	-0.220	-0.259	0.007	0.002	0.279	-0.048	-0.079	0.025
Q	-0.172	0.357	0.116	-0.019	-0.000	0.056	-0.017	0.006	0.504
R	1.068	0.827	-0.286	0.065	0.001	0.107	-0.134	0.227	0.011
S	-0.289	-0.430	-0.162	0.010	0.001	0.052	-0.304	-0.435	0.814
T	-0.405	-1.581	0.380	0.051	0.001	0.002	-0.028	-0.127	0.694
V	1.333	-1.324	-0.339	0.013	-0.001	-0.151	0.261	0.122	0.099
W	0.176	0.409	0.399	0.004	-0.001	0.085	0.351	-0.051	-0.000
Y	-1.092	0.085	-0.272	0.029	-0.002	-0.400	0.143	0.081	-1.346
Intercept	6.38608
