NumCols:	11
A	-0.128	0.028	-0.406	-0.760	0.000	-0.032	-0.000	0.314	-0.000	0.062	-0.329
C	0.000	0.010	0.385	0.000	0.000	0.036	-0.000	0.000	0.000	-0.076	0.000
D	0.000	0.039	0.141	-0.282	0.000	0.033	-0.000	0.000	-0.084	0.137	0.000
E	-0.006	0.017	0.036	-0.805	-0.000	0.057	0.000	-0.653	0.069	-0.274	-0.358
F	0.000	0.000	-0.402	-0.107	0.000	0.125	0.000	0.063	0.028	-0.303	-0.300
G	0.000	0.000	0.162	0.075	-0.000	0.000	0.000	0.248	0.010	0.264	0.000
H	0.000	0.000	0.000	0.000	0.000	0.103	-0.000	-0.070	0.000	0.067	0.000
I	-0.059	0.019	0.095	0.005	0.000	-0.050	0.000	-0.443	0.024	-0.033	-0.243
K	-0.054	0.000	0.157	0.114	0.000	0.092	0.000	0.021	0.028	0.243	0.216
L	-0.112	-0.135	-0.119	-0.168	-0.000	0.064	-0.000	-0.204	-0.049	0.195	-0.281
M	-0.022	-0.043	-0.296	0.000	-0.000	0.000	0.000	0.135	-0.019	0.048	0.000
N	0.218	0.000	-0.726	0.121	-0.000	-0.190	0.000	0.017	0.003	0.314	0.000
P	0.168	0.050	-0.313	0.369	-0.000	-0.037	0.000	0.156	-0.070	-0.465	0.046
Q	-0.131	0.028	0.459	0.163	-0.000	-0.059	0.000	0.071	0.003	-0.079	-0.040
R	-0.020	-0.003	0.650	0.580	0.000	0.037	0.000	0.383	0.017	-0.151	0.280
S	0.073	0.031	0.016	-0.205	0.000	-0.094	0.000	0.014	-0.021	-0.087	0.000
T	-0.103	0.023	0.000	0.038	-0.000	-0.058	0.000	0.101	0.047	0.163	0.382
V	0.131	-0.010	0.021	0.513	0.000	-0.036	-0.000	-0.311	0.005	-0.071	-0.974
W	0.000	-0.044	0.000	0.253	-0.000	0.008	0.000	0.032	0.021	0.070	1.165
Y	0.044	-0.009	0.140	0.096	0.000	0.000	-0.000	0.125	-0.012	-0.026	0.435
Intercept	3.8944
