NumCols:	9
A	-0.102	-0.144	-0.097	0.000	0.004	0.003	-0.000	-0.227	0.046
C	-0.000	0.000	0.000	-0.000	0.001	0.005	0.000	0.017	0.000
D	0.000	0.000	0.000	-0.000	0.007	0.032	-0.000	-0.000	0.000
E	0.001	0.231	-0.000	0.000	-0.000	0.000	0.000	-0.113	0.000
F	0.111	0.038	-0.087	-0.000	-0.005	0.066	-0.000	0.202	-0.161
G	0.005	0.038	-0.000	0.000	0.013	0.024	0.000	-0.126	0.000
H	-0.005	0.000	0.048	-0.000	-0.005	-0.002	-0.000	0.000	0.047
I	0.061	0.037	0.012	0.000	0.008	-0.015	0.000	0.113	-0.001
K	-0.077	0.000	-0.012	0.000	0.013	0.005	-0.000	-0.000	0.050
L	0.011	-0.031	0.119	-0.000	0.012	0.011	0.000	0.076	-0.068
M	-0.120	0.290	-0.209	0.000	-0.026	-0.012	0.000	0.114	-0.077
N	-0.000	0.000	-0.151	-0.000	-0.005	0.026	0.000	0.013	0.000
P	0.000	-1.151	0.238	-0.000	-0.011	-0.006	0.000	-0.294	0.000
Q	-0.001	0.093	0.000	-0.000	0.001	0.002	-0.000	-0.007	0.000
R	0.047	0.213	-0.024	-0.000	-0.022	-0.045	0.000	0.005	0.008
S	0.001	-0.009	0.035	-0.000	0.025	-0.020	-0.000	-0.249	0.000
T	0.008	0.133	0.132	0.000	0.003	0.007	-0.000	-0.056	0.004
V	-0.012	0.045	-0.004	0.000	-0.017	-0.001	0.000	0.441	0.072
W	0.052	0.124	-0.033	-0.000	0.002	-0.056	0.000	0.012	-0.044
Y	0.022	0.094	0.033	0.000	0.002	-0.022	-0.000	0.079	0.123
Intercept	3.87294
