NumCols:	10
A	0.079	0.119	-0.156	-0.008	-0.000	-0.071	0.001	0.038	0.166	-0.225
C	0.003	-0.018	0.101	-0.042	-0.000	0.017	-0.024	0.061	-0.136	0.172
D	0.104	0.367	-0.500	-0.146	-0.000	-0.028	-0.013	-0.159	-0.026	0.000
E	-0.031	0.621	-0.297	0.012	0.000	0.078	0.013	-0.002	-0.249	0.509
F	-0.132	-0.231	-0.234	-0.019	-0.000	-0.074	-0.003	-0.016	-0.118	-0.357
G	0.132	0.092	0.146	0.026	0.000	0.134	0.040	0.003	0.067	0.132
H	0.009	0.001	0.181	0.003	0.000	0.029	-0.021	-0.009	-0.172	0.441
I	0.093	-0.058	0.041	0.011	0.000	0.020	-0.033	0.082	0.058	-0.199
K	0.129	0.432	0.230	0.129	0.000	-0.015	0.071	0.149	0.096	0.158
L	-0.117	-0.288	-0.041	0.006	-0.000	0.052	-0.058	-0.114	-0.157	-0.075
M	-0.129	-0.233	-0.052	0.014	-0.000	-0.014	-0.021	-0.017	0.097	-0.022
N	0.034	0.180	-0.098	-0.001	-0.000	0.003	0.037	0.027	0.151	0.000
P	0.140	0.136	0.343	-0.010	0.000	0.030	0.023	0.082	0.101	0.388
Q	0.082	0.266	0.152	0.101	0.000	-0.043	0.010	0.021	0.018	0.492
R	0.036	0.110	0.087	0.064	0.000	0.061	0.029	0.046	0.014	0.035
S	-0.034	-0.547	-0.234	-0.099	-0.000	-0.114	0.017	-0.101	0.060	0.215
T	-0.109	-0.630	-0.114	-0.147	-0.000	-0.044	-0.028	-0.004	0.102	-0.325
V	-0.055	-0.184	0.166	0.037	0.000	0.034	0.012	0.067	0.151	-0.058
W	-0.076	-0.048	0.223	0.052	-0.000	-0.008	0.003	0.065	0.119	0.065
Y	-0.158	-0.089	0.055	0.017	-0.000	-0.047	-0.056	-0.219	-0.341	-1.347
Intercept	4.7508
