NumCols:	9
A	-0.058	0.000	0.031	-0.188	-0.010	-0.107	0.205	0.000	0.000
C	0.000	0.000	0.047	0.000	0.008	0.000	0.000	0.000	0.000
D	0.015	0.000	0.040	0.085	-0.000	0.000	0.383	0.000	0.000
E	0.179	0.195	0.051	0.066	0.026	0.000	0.128	-0.000	0.000
F	0.298	0.000	-0.032	-0.006	0.000	0.000	-0.953	-0.000	0.000
G	0.186	0.000	0.059	0.020	0.052	0.008	0.386	0.000	0.000
H	0.008	0.000	-0.021	0.000	0.000	0.000	-0.228	-0.000	0.000
I	-0.326	0.000	-0.066	0.000	0.007	-0.003	0.000	-0.000	0.394
K	0.050	0.000	-0.077	0.000	-0.080	0.000	0.000	0.000	0.000
L	0.146	-0.136	0.096	0.040	0.023	0.049	-0.017	-0.000	-0.394
M	-0.118	-0.132	0.024	0.004	0.000	0.000	0.255	0.000	0.000
N	0.091	0.000	0.045	-0.132	0.000	0.000	0.133	0.000	0.000
P	0.082	0.046	-0.157	-0.060	0.000	0.003	-0.638	0.000	0.000
Q	-0.280	0.000	0.049	0.061	0.000	0.000	-0.159	0.000	0.000
R	-0.065	0.000	-0.046	0.296	0.048	0.031	-0.144	0.000	0.000
S	0.028	0.028	0.000	-0.062	-0.002	0.000	0.000	0.000	0.000
T	-0.104	0.000	-0.045	-0.121	-0.012	0.043	0.283	-0.000	0.000
V	-0.233	0.000	0.003	0.028	-0.035	-0.023	0.055	-0.000	0.000
W	0.101	0.000	0.000	0.000	0.000	0.000	0.000	0.000	0.000
Y	0.000	0.000	0.000	-0.031	-0.024	0.000	0.312	0.000	0.000
Intercept	4.72824
