NumCols:	9
A	0.135	-1.089	-0.394	-0.276	0.010	-0.068	-0.035	0.238	-0.038
C	-0.219	0.104	0.072	0.150	0.002	0.081	-0.038	0.185	-0.218
D	0.657	0.874	0.257	0.120	0.091	-0.018	0.136	0.319	0.086
E	0.531	0.602	0.829	0.090	0.125	-0.011	-0.133	-0.139	1.337
F	0.051	-0.128	-0.255	0.039	0.039	0.156	-0.355	-0.019	-1.168
G	0.145	-0.205	0.060	-0.018	0.098	0.107	0.398	0.160	0.589
H	-0.138	0.705	0.328	-0.052	0.114	0.028	-0.155	-0.179	-0.087
I	-0.371	-0.148	-0.389	0.047	-0.078	-0.052	0.159	-0.011	-0.986
K	-0.736	0.455	0.438	0.107	0.180	0.093	0.318	0.026	0.619
L	-0.231	0.006	-0.219	0.156	-0.075	-0.050	-0.228	-0.224	-0.462
M	-0.656	-0.469	-0.433	0.066	-0.109	0.033	-0.141	0.171	-0.737
N	0.597	0.087	-0.334	0.122	0.107	-0.006	0.143	0.094	0.835
P	0.946	0.559	0.763	-0.232	0.076	-0.112	-0.036	-0.017	1.279
Q	-0.103	0.380	0.016	-0.011	-0.012	-0.097	0.070	-0.144	0.228
R	-0.534	0.435	0.487	-0.070	0.186	0.198	0.468	-0.012	0.671
S	0.123	-1.287	-0.270	-0.078	-0.181	-0.006	0.118	-0.036	0.737
T	0.065	-0.993	-0.144	-0.114	-0.080	-0.086	-0.100	-0.135	0.584
V	-0.108	-0.450	-0.245	-0.054	-0.322	-0.158	0.019	-0.096	0.024
W	0.056	-0.015	-0.154	0.005	-0.068	0.010	-0.379	-0.006	-2.412
Y	-0.208	0.578	-0.413	0.004	-0.101	-0.043	-0.229	-0.174	-0.883
Intercept	5.0683
