NumCols:	9
A	-0.168	-0.131	-0.384	-0.090	0.017	0.044	-0.227	-0.099	-0.935
C	-0.059	0.625	0.111	-0.124	0.053	0.041	0.029	0.197	0.387
D	0.802	0.460	0.492	-0.263	0.065	0.357	0.205	0.300	0.059
E	0.895	0.554	0.728	-0.190	0.109	0.349	0.176	0.003	0.429
F	-0.763	-0.038	-0.266	-0.051	-0.031	-0.133	0.047	-0.111	0.318
G	-0.046	0.435	0.288	-0.031	-0.065	0.065	-0.114	-0.083	-0.146
H	0.193	0.755	-0.172	-0.012	-0.241	0.003	-0.195	-0.088	0.795
I	-0.133	-0.889	-0.301	0.129	-0.070	-0.341	0.055	0.118	-0.925
K	-0.118	0.371	-0.008	0.111	-0.003	0.456	0.280	0.111	0.975
L	-0.198	-1.559	0.246	0.166	0.036	-0.431	0.053	-0.061	-0.793
M	-0.385	-1.607	-0.545	-0.015	0.000	-0.269	-0.152	0.100	-0.255
N	0.000	0.689	-0.324	-0.002	0.054	0.199	0.001	-0.064	-0.190
P	0.615	0.840	0.056	-0.059	0.226	-0.105	0.081	-0.178	-0.302
Q	0.192	-0.636	0.129	0.172	0.092	0.128	0.047	0.056	0.783
R	-0.076	0.506	0.102	0.124	0.056	0.278	0.258	0.068	0.497
S	-0.102	-0.111	-0.178	-0.083	-0.029	-0.109	-0.274	-0.137	0.173
T	0.081	-0.403	0.226	0.032	0.088	-0.130	-0.279	-0.018	-0.292
V	-0.097	-0.636	-0.083	0.188	-0.072	-0.396	0.045	0.174	-1.498
W	-0.063	0.407	0.321	0.031	-0.168	0.128	0.021	-0.128	0.293
Y	-0.569	0.370	-0.439	-0.032	-0.117	-0.137	-0.057	-0.160	0.628
Intercept	4.65395
