NumCols:	8
A	0.021	0.000	0.002	0.000	-0.002	-0.013	0.000	0.021
C	0.003	0.000	0.011	0.000	0.006	0.000	0.000	0.046
D	0.000	0.000	0.009	0.000	0.000	0.000	0.000	0.000
E	0.004	0.001	0.002	0.000	0.001	0.000	0.000	0.000
F	0.078	0.000	0.012	0.000	0.004	-0.002	0.000	-0.690
G	0.021	-0.002	0.000	0.000	0.000	0.006	0.000	0.000
H	-0.052	-0.001	0.000	0.000	0.000	0.014	0.000	0.000
I	0.000	0.001	-0.019	0.000	0.000	0.001	0.000	0.118
K	0.005	0.000	0.027	-0.000	0.001	0.005	-0.000	0.104
L	-0.049	0.001	-0.030	0.000	0.000	0.001	-0.000	-0.088
M	-0.074	0.000	0.001	0.000	-0.005	0.002	0.000	0.054
N	0.014	0.000	-0.061	0.000	0.001	-0.021	0.000	0.000
P	0.002	0.001	0.019	0.000	0.004	0.000	-0.000	0.000
Q	-0.001	0.000	0.000	-0.000	-0.003	0.012	0.000	0.053
R	0.039	0.000	0.013	0.000	0.002	0.005	0.000	0.084
S	0.018	0.000	0.010	0.000	0.000	0.012	-0.000	0.000
T	0.026	-0.001	0.028	0.000	0.000	0.000	0.000	0.043
V	-0.096	0.000	0.000	-0.000	0.002	-0.027	-0.000	0.094
W	0.004	0.000	0.001	-0.000	0.000	0.000	0.000	0.007
Y	0.035	-0.002	-0.024	0.000	-0.012	0.005	0.000	0.155
Intercept	4.8375
