NumCols:	11
A	-0.001	0.347	-0.146	-0.669	0.016	0.000	0.370	0.000	0.058	0.064	0.022
C	0.000	0.042	-0.109	-0.005	0.015	0.008	0.212	-0.000	0.085	0.009	0.163
D	0.000	0.109	0.055	-0.161	0.037	0.028	0.435	0.000	-0.016	0.104	0.000
E	0.001	0.234	0.168	-0.861	-0.008	0.049	-0.212	0.000	0.099	-0.163	0.306
F	-0.001	0.036	-0.202	-0.125	0.007	0.067	-0.096	-0.000	-0.065	0.081	-0.122
G	0.000	0.094	0.489	-0.133	-0.041	0.017	-0.117	0.000	0.120	-0.028	0.004
H	0.000	0.000	-0.055	0.253	0.004	0.023	-0.538	-0.000	0.000	0.026	0.000
I	-0.000	-0.162	-0.519	-0.328	-0.006	-0.095	-0.392	-0.000	-0.176	-0.032	-0.619
K	-0.001	0.000	0.312	-0.115	0.021	0.057	0.102	0.000	0.087	0.054	0.471
L	0.000	-0.486	-0.396	0.134	-0.016	0.013	-0.664	-0.000	-0.215	0.023	-0.117
M	0.000	-0.586	-0.636	0.541	-0.027	0.032	0.342	-0.000	-0.037	0.074	0.000
N	0.001	0.000	-0.026	-0.025	-0.043	-0.013	0.361	-0.000	-0.031	0.082	0.000
P	0.001	0.136	0.135	-0.429	0.027	-0.016	-0.009	-0.000	-0.056	-0.143	0.029
Q	-0.001	-0.015	0.158	0.186	0.010	0.025	0.329	-0.000	0.007	0.076	0.132
R	-0.000	0.247	0.563	0.376	-0.009	-0.061	0.548	-0.000	0.000	-0.002	0.491
S	0.000	-0.056	0.266	0.269	0.014	0.040	-0.083	0.000	0.019	0.049	0.000
T	0.000	0.320	0.001	0.218	-0.010	-0.065	-0.042	0.000	0.033	-0.050	-0.234
V	0.001	0.014	-0.160	0.543	0.005	-0.099	-0.327	-0.000	0.049	0.043	-0.928
W	-0.000	-0.149	0.000	0.158	0.015	-0.001	0.206	0.000	0.002	-0.016	0.394
Y	-0.000	-0.125	0.102	0.171	-0.010	-0.008	-0.426	0.000	0.037	-0.252	0.008
Intercept	4.10891
