NumCols:	9
A	-0.121	-0.139	-0.182	-0.068	0.079	0.030	-0.055	-0.007	-0.878
C	0.096	0.497	0.135	-0.072	-0.197	-0.126	-0.002	0.080	-0.030
D	0.830	0.492	-0.137	-0.373	0.008	0.182	0.232	0.403	0.525
E	0.862	0.591	0.611	-0.328	0.231	0.202	0.212	-0.167	0.988
F	-0.838	0.014	-0.440	0.037	-0.221	-0.234	-0.572	-0.285	0.034
G	0.009	0.493	0.207	-0.036	-0.026	0.307	0.464	-0.000	0.276
H	0.155	0.769	0.226	0.051	-0.001	0.215	-0.168	0.024	0.709
I	-0.213	-0.808	-0.290	0.146	-0.126	-0.353	-0.202	0.159	-1.051
K	-0.264	0.505	0.734	0.108	0.169	0.375	0.628	0.197	0.592
L	-0.203	-1.550	-0.345	0.153	-0.089	-0.332	-0.073	-0.123	-1.147
M	-0.469	-1.552	-0.702	0.003	0.022	-0.203	-0.159	0.049	-0.623
N	0.214	0.695	0.088	0.024	0.126	-0.028	0.178	0.129	0.513
P	0.893	0.573	0.163	-0.063	0.363	-0.061	-0.192	-0.272	0.283
Q	0.223	-0.661	0.129	0.150	0.149	0.049	0.231	0.146	0.759
R	-0.070	0.825	0.631	0.251	0.231	0.443	0.459	0.131	0.334
S	-0.121	0.129	-0.008	-0.042	0.092	-0.052	0.133	-0.055	0.099
T	0.126	-0.347	0.218	0.024	0.110	-0.129	0.005	0.007	-0.321
V	-0.140	-0.616	0.022	0.170	-0.112	-0.282	-0.053	0.121	-1.575
W	-0.188	-0.061	-0.699	-0.164	-0.405	-0.020	-0.580	-0.163	0.034
Y	-0.779	0.153	-0.361	0.026	-0.402	0.017	-0.486	-0.374	0.476
Intercept	5.08211
