NumCols:	9
A	-0.009	-0.161	-0.022	0.060	-0.000	0.000	-0.194	-0.004	-0.032
C	-0.032	0.000	0.000	0.000	0.000	0.000	0.000	-0.016	0.000
D	0.000	0.000	-0.001	-0.059	-0.000	-0.000	-0.059	-0.007	0.000
E	-0.070	0.243	0.000	-0.071	-0.000	0.000	-0.045	-0.025	0.000
F	-0.042	0.000	-0.033	-0.080	-0.000	0.000	0.104	0.018	0.071
G	-0.009	0.267	0.014	-0.070	0.000	0.000	0.066	-0.070	0.000
H	0.025	0.000	-0.016	0.062	-0.000	-0.000	-0.040	-0.017	0.000
I	0.000	0.312	0.029	-0.036	0.000	-0.000	-0.167	0.017	0.162
K	0.112	0.000	0.000	0.088	-0.000	0.000	0.000	0.009	0.013
L	0.129	0.238	0.020	-0.011	0.000	0.000	0.260	0.043	0.010
M	-0.027	-0.070	-0.003	-0.023	0.000	-0.000	-0.060	0.049	-0.020
N	0.000	0.000	0.000	0.009	-0.000	0.000	-0.117	0.000	0.000
P	0.000	-0.015	0.012	0.149	-0.000	-0.000	-0.172	-0.037	0.000
Q	0.000	-0.001	0.000	0.094	0.000	-0.000	0.128	0.001	0.000
R	0.005	0.258	0.000	0.010	-0.000	-0.000	-0.036	0.011	0.068
S	-0.071	0.139	0.025	0.055	0.000	0.000	0.182	0.104	0.000
T	0.016	-0.693	-0.005	0.029	0.000	-0.000	-0.093	-0.026	0.000
V	0.000	-0.510	-0.013	-0.031	-0.000	-0.000	0.183	0.017	-0.060
W	-0.041	0.000	0.010	-0.027	-0.000	-0.000	-0.019	0.000	-0.046
Y	0.013	-0.006	-0.019	-0.147	-0.000	0.000	0.079	-0.067	-0.166
Intercept	1.43775
