NumCols:	9
A	-0.260	-0.080	0.082	-0.057	-0.003	-0.142	-0.087	-0.027	0.000
C	0.003	0.000	0.000	0.019	0.000	0.000	0.000	0.000	0.000
D	0.000	0.000	-1.056	0.145	-0.004	0.124	0.133	-0.041	0.000
E	0.000	0.000	0.079	0.096	0.000	0.000	0.087	0.001	0.000
F	-0.591	0.000	0.285	0.000	-0.001	0.204	-0.073	0.002	0.125
G	0.000	0.000	0.000	-0.011	-0.001	-0.349	-0.110	0.015	0.000
H	0.000	0.000	0.620	0.000	0.005	0.003	0.151	0.000	0.000
I	-0.163	0.008	0.000	-0.046	-0.005	-0.067	-0.048	0.001	-0.087
K	0.392	0.000	0.022	-0.012	0.000	0.000	-0.123	0.032	0.000
L	0.218	-0.051	0.174	-0.011	-0.006	-0.037	0.088	0.001	-0.139
M	0.114	0.029	-0.109	0.000	0.000	-0.091	0.019	-0.009	-0.025
N	0.000	0.000	0.000	-0.097	0.006	0.052	-0.046	0.013	0.000
P	0.000	0.000	0.468	-0.009	0.007	-0.108	-0.065	-0.101	0.000
Q	0.000	0.015	-0.430	0.011	-0.005	-0.385	-0.203	0.000	0.000
R	0.201	0.000	0.397	-0.057	-0.001	0.199	0.128	-0.017	0.000
S	0.121	-0.065	-0.498	-0.013	0.003	0.338	0.064	0.035	0.000
T	0.090	0.089	-0.548	0.000	-0.002	0.043	0.035	0.018	0.000
V	-0.028	0.055	0.416	0.102	0.005	0.030	-0.026	-0.021	-0.125
W	-0.019	0.000	0.000	0.012	-0.001	0.042	-0.057	0.058	0.000
Y	-0.079	0.000	0.098	-0.072	0.004	0.143	0.134	0.039	0.251
Intercept	3.50216
