NumCols:	9
A	0.461	0.243	0.047	0.004	-0.217	-0.015	-0.121	-0.269	0.269
C	0.151	0.158	-0.002	-0.001	0.122	0.141	0.057	0.019	0.354
D	-0.818	-0.207	0.191	0.013	0.161	0.082	0.272	0.222	0.187
E	-0.036	-1.546	0.020	-0.109	0.224	0.185	0.154	-0.055	0.192
F	-0.148	-0.144	-0.383	-0.026	-0.180	-0.207	-0.122	0.054	-0.920
G	0.497	-0.005	0.225	-0.016	0.029	-0.020	0.149	0.099	0.803
H	-0.049	0.161	0.108	0.034	-0.050	-0.161	-0.106	0.150	0.180
I	0.003	0.171	-0.079	0.017	-0.125	-0.061	-0.148	-0.133	0.088
K	0.338	0.290	0.257	0.008	0.239	-0.015	0.213	-0.024	0.081
L	0.028	0.282	-0.108	-0.038	-0.203	-0.085	-0.001	0.036	-0.202
M	-0.450	0.132	0.009	-0.016	-0.116	-0.015	-0.067	0.065	-0.556
N	-0.411	-0.006	-0.035	0.046	-0.021	0.081	0.091	0.147	0.086
P	0.673	-0.103	0.388	0.048	0.209	0.179	-0.094	-0.255	0.079
Q	0.207	-0.303	-0.026	-0.030	-0.023	0.116	0.205	0.127	0.098
R	0.275	0.253	-0.101	0.026	0.194	-0.124	0.039	0.206	-0.135
S	0.151	0.298	-0.056	0.028	0.145	0.089	0.023	-0.074	0.286
T	-0.104	0.146	0.179	0.018	-0.087	0.047	0.047	-0.340	0.486
V	0.049	0.194	-0.037	0.073	-0.190	-0.164	-0.013	-0.113	-0.016
W	-0.442	0.126	-0.292	-0.084	-0.067	0.062	-0.286	0.101	-0.400
Y	-0.376	-0.140	-0.303	0.008	-0.047	-0.114	-0.293	0.037	-0.960
Intercept	4.75104
