NumCols:	9
A	-0.155	-0.191	0.082	-0.199	-0.029	0.001	0.001	-0.114	-0.229
C	0.037	-0.132	-0.253	-0.141	-0.041	-0.024	0.034	0.241	0.289
D	0.633	-0.005	0.295	0.157	-0.005	0.153	0.217	0.176	0.607
E	0.706	0.189	0.391	0.184	0.067	0.175	-0.029	0.177	0.493
F	-0.489	0.616	-0.499	0.048	-0.102	-0.210	0.094	0.054	-1.728
G	0.504	0.138	0.377	0.085	0.134	-0.199	0.439	0.532	0.716
H	-0.238	-0.309	-0.316	-0.123	-0.175	-0.214	0.276	-0.155	0.000
I	-0.188	0.380	0.012	0.308	0.297	0.001	0.030	-0.122	-0.537
K	-0.437	-1.124	0.065	0.008	0.048	0.446	0.389	0.040	0.480
L	-0.310	-0.178	-0.146	-0.033	-0.046	0.078	-0.209	0.125	-0.492
M	-0.385	-1.056	-0.277	-0.157	0.199	0.196	-0.118	0.143	-1.225
N	0.669	0.589	0.182	-0.187	-0.051	-0.157	-0.044	-0.028	0.000
P	0.306	0.955	0.221	0.033	-0.194	-0.005	-0.155	-0.311	0.494
Q	-0.058	-1.149	0.093	0.234	0.058	0.040	-0.221	-0.261	0.370
R	-0.433	0.328	-0.028	0.092	0.132	0.037	0.047	0.205	0.939
S	-0.232	-0.227	0.183	-0.268	-0.227	-0.130	-0.281	-0.295	0.529
T	0.511	0.306	0.319	-0.019	-0.132	-0.146	-0.254	-0.255	0.344
V	0.005	0.545	0.093	0.013	0.179	-0.045	-0.233	-0.281	-0.320
W	-0.044	-0.196	-0.368	0.182	0.010	0.000	0.089	0.322	0.428
Y	-0.402	0.521	-0.426	-0.218	-0.119	0.003	-0.072	-0.194	-1.157
Intercept	3.79609
