NumCols:	11
A	-0.054	0.188	0.002	-0.078	0.009	0.188	-0.018	-0.009	0.021	0.108	-0.704
C	-0.330	-0.224	0.007	0.014	-0.000	0.082	-0.001	0.000	0.001	0.000	0.000
D	0.234	-0.306	-0.036	-0.017	-0.011	-0.414	0.007	0.000	0.067	0.000	0.000
E	0.003	0.310	0.000	0.044	0.002	-0.623	0.000	0.016	0.134	0.002	-0.100
F	0.020	0.197	-0.029	-0.008	0.013	-0.294	-0.021	-0.016	0.065	0.002	0.325
G	0.162	0.000	0.002	-0.039	-0.020	0.163	-0.058	0.006	-0.020	-0.005	0.000
H	0.040	0.000	0.006	0.030	-0.045	0.079	-0.014	-0.000	0.000	-0.032	0.000
I	0.096	-0.187	-0.007	0.000	0.043	-0.418	0.009	-0.002	0.131	0.041	0.303
K	0.063	0.000	0.003	0.001	0.007	0.290	0.023	0.002	0.012	0.026	0.417
L	-0.481	-0.804	0.017	-0.024	-0.020	0.230	-0.018	0.017	-0.249	-0.113	0.361
M	0.154	-0.357	-0.036	0.002	0.007	0.003	0.000	-0.001	0.161	0.044	0.189
N	-0.244	0.000	0.011	-0.012	0.020	0.045	-0.000	0.000	0.011	0.069	0.000
P	0.116	0.501	0.021	0.017	0.050	0.150	-0.046	-0.014	0.082	0.066	0.008
Q	0.091	0.238	0.009	0.019	0.005	0.275	0.047	-0.004	0.054	-0.001	-0.254
R	0.202	0.352	-0.023	0.011	-0.027	-0.127	0.045	0.000	0.036	0.092	0.090
S	-0.049	-0.044	0.007	-0.009	0.032	0.161	0.049	0.022	-0.260	-0.077	0.289
T	0.188	-0.169	0.015	0.023	-0.018	0.238	-0.052	-0.004	-0.311	-0.011	0.032
V	0.248	0.265	0.025	0.029	-0.010	0.124	0.038	-0.023	0.106	-0.212	0.275
W	-0.464	0.000	0.000	-0.041	0.000	-0.318	0.017	0.006	-0.016	0.000	-0.019
Y	0.006	0.041	0.006	0.038	-0.038	0.164	-0.007	0.005	-0.025	0.001	-1.213
Intercept	4.63802
