NumCols:	9
A	0.050	0.344	0.006	0.007	0.003	0.136	-0.080	0.043	0.149
C	0.007	0.132	0.000	0.000	0.000	0.000	0.000	0.000	0.000
D	0.037	0.000	0.004	-0.008	-0.007	0.226	-0.054	0.003	0.000
E	0.000	-0.053	0.000	-0.070	0.055	-0.243	0.145	0.040	0.000
F	0.211	0.041	0.002	0.050	0.014	-0.087	0.180	0.039	-0.560
G	-0.320	0.047	0.005	-0.021	-0.008	-0.114	0.439	0.042	0.018
H	-0.093	0.000	0.000	0.077	0.000	0.000	0.000	-0.022	0.000
I	-0.026	0.297	-0.010	0.002	-0.110	-0.454	0.161	-0.012	0.000
K	-0.482	0.126	0.008	0.003	0.030	0.324	0.200	0.000	0.075
L	-0.038	0.153	-0.004	0.021	0.066	0.369	0.181	-0.010	-0.425
M	0.000	0.000	-0.011	0.000	0.000	-0.016	0.165	0.000	1.170
N	0.000	0.000	0.003	-0.053	0.000	0.000	0.292	0.007	0.000
P	0.000	0.000	0.010	0.056	-0.023	0.127	-0.063	-0.005	0.274
Q	0.058	0.000	-0.003	0.043	-0.004	0.109	-0.332	0.015	0.000
R	0.113	0.000	0.002	0.037	0.000	-0.076	0.061	-0.044	0.000
S	0.103	-0.605	0.018	0.000	-0.035	0.022	-0.356	-0.001	0.000
T	0.081	-0.329	-0.023	0.007	0.030	0.209	0.114	0.108	0.074
V	0.209	-0.153	-0.004	-0.024	-0.081	-0.413	-0.501	-0.028	0.000
W	0.000	0.000	0.000	0.000	0.002	0.000	0.000	0.046	-0.427
Y	0.089	0.000	-0.003	-0.127	0.069	-0.119	-0.552	-0.224	-0.347
Intercept	4.59052
