NumCols:	8
A	0.000	-0.000	0.000	-0.000	0.001	0.071	0.000	0.127
C	-0.000	0.000	0.000	0.000	0.002	0.049	0.000	0.035
D	0.000	0.000	0.000	0.000	0.000	0.052	0.000	0.000
E	0.000	0.000	0.000	-0.000	-0.002	0.122	0.000	0.000
F	0.000	0.000	0.000	0.000	-0.004	-0.093	-0.000	0.094
G	0.000	0.000	0.000	0.000	0.000	-0.042	0.000	0.000
H	0.000	0.000	-0.000	-0.000	0.001	0.052	0.000	0.000
I	0.000	-0.000	0.000	0.000	0.002	-0.074	-0.000	-0.121
K	-0.000	0.000	0.000	0.000	-0.001	0.076	0.000	-0.499
L	0.000	-0.000	0.000	-0.000	0.001	-0.025	0.000	0.135
M	-0.000	-0.000	0.000	0.000	-0.001	0.088	0.000	0.112
N	0.000	0.000	-0.000	0.000	0.004	0.086	0.000	0.000
P	-0.000	0.000	0.000	-0.000	-0.005	0.145	0.000	0.000
Q	0.000	-0.000	0.000	0.000	0.002	-0.092	0.000	0.094
R	-0.000	0.000	-0.000	0.000	0.004	0.044	0.000	0.028
S	0.000	0.000	0.000	-0.000	-0.001	0.114	-0.000	0.000
T	-0.000	-0.000	0.000	0.000	-0.006	-0.530	-0.000	0.047
V	0.000	0.000	0.000	0.000	-0.000	0.146	0.000	0.075
W	0.000	0.000	-0.000	0.000	0.000	-0.231	-0.000	-0.053
Y	0.000	-0.000	-0.000	-0.000	0.000	0.045	0.000	-0.074
Intercept	4.58488
