NumCols:	10
A	-0.172	-0.115	-0.280	-0.157	0.005	-0.024	0.033	-0.301	-0.179	-0.655
C	0.077	0.763	0.036	0.144	-0.076	0.018	-0.018	0.002	0.413	0.444
D	0.557	0.000	0.330	-0.118	0.088	0.042	0.286	0.294	0.335	0.182
E	0.617	0.526	0.595	-0.054	-0.005	-0.005	0.396	0.149	-0.034	0.000
F	-0.584	0.119	-0.456	0.288	-0.172	-0.052	-0.165	0.156	0.018	0.421
G	-0.032	0.539	0.078	-0.091	0.008	-0.078	0.077	-0.208	-0.262	-0.396
H	-0.136	0.233	-0.131	0.169	-0.080	0.088	-0.054	-0.036	0.036	0.466
I	-0.028	-0.638	-0.191	0.058	0.023	-0.081	-0.216	0.032	0.067	-0.711
K	-0.154	-0.577	0.008	0.087	0.072	0.178	0.299	0.146	0.188	0.928
L	-0.150	-1.151	0.027	0.061	0.088	-0.035	-0.394	-0.114	-0.004	-0.562
M	-0.264	-1.204	-0.550	-0.005	-0.057	-0.082	-0.169	-0.183	0.010	-0.019
N	0.073	0.694	0.112	-0.118	0.053	0.074	-0.029	-0.030	0.001	0.215
P	0.659	0.560	0.288	-0.017	0.016	-0.053	-0.183	0.086	-0.339	-0.125
Q	0.086	-0.471	0.357	-0.017	0.170	0.144	0.221	0.134	0.223	0.219
R	-0.138	0.475	0.137	-0.070	0.166	0.146	0.138	0.074	0.183	0.348
S	-0.144	-0.224	-0.114	-0.155	-0.078	-0.075	0.031	-0.278	-0.215	-0.147
T	-0.057	-0.216	0.122	-0.087	-0.057	-0.112	-0.166	-0.185	-0.333	-0.176
V	0.226	-0.409	0.052	0.123	0.005	-0.041	-0.165	0.065	0.090	-1.297
W	0.048	0.514	0.055	0.078	-0.121	0.049	0.125	0.021	0.222	0.302
Y	-0.484	0.582	-0.474	-0.117	-0.047	-0.103	-0.046	0.177	-0.421	0.564
Intercept	4.22725
