NumCols:	9
A	0.284	-0.103	-0.031	0.056	0.037	-0.086	-0.045	-0.115	-0.188
C	-0.042	-0.154	0.027	-0.012	-0.072	0.056	0.020	0.027	-0.214
D	-0.136	0.131	-0.549	-0.059	-0.159	-0.276	0.051	0.276	0.602
E	0.142	0.142	0.118	-0.097	0.084	-0.100	-0.190	-0.075	0.669
F	-0.392	0.559	-0.540	0.118	-0.020	0.035	-0.494	-0.258	-1.093
G	0.127	0.535	0.097	0.027	-0.057	0.082	0.285	0.150	0.006
H	-0.592	-1.707	0.101	0.017	-0.029	0.003	-0.309	-0.045	0.612
I	0.164	0.470	0.019	-0.007	0.085	-0.172	0.109	-0.139	-1.599
K	0.426	-0.541	0.480	0.011	0.195	0.162	0.327	0.151	0.323
L	0.558	0.190	0.139	-0.011	-0.058	0.046	-0.088	-0.725	-1.498
M	-0.035	-0.166	-0.486	-0.010	-0.010	-0.019	0.104	0.264	-0.262
N	-0.019	0.497	0.052	-0.012	0.065	0.034	-0.086	0.193	0.312
P	0.842	0.321	0.319	-0.141	0.139	0.093	0.071	0.319	1.074
Q	-0.426	-0.746	-0.034	0.098	-0.031	-0.045	0.121	0.313	0.961
R	-0.049	-0.820	0.567	0.062	0.246	0.001	0.484	0.450	0.724
S	-0.061	0.114	-0.476	-0.057	0.118	-0.004	0.055	-0.312	0.700
T	-0.101	0.309	-0.054	0.140	-0.118	0.045	-0.190	-0.300	0.840
V	0.403	0.409	0.309	0.075	-0.130	0.235	0.008	-0.090	-0.348
W	-0.949	0.302	0.046	-0.171	0.003	0.038	-0.022	0.041	-1.187
Y	-0.143	0.257	-0.104	-0.027	-0.288	-0.128	-0.210	-0.124	-0.434
Intercept	5.63807
