NumCols:	8
A	0.075	-0.027	-0.000	0.029	0.200	0.003	0.000	0.149
C	0.116	0.041	0.000	0.000	-0.599	0.002	0.000	0.203
D	0.000	0.032	0.000	-0.022	-0.055	0.000	-0.000	0.000
E	0.094	0.020	0.000	0.037	0.087	-0.012	0.000	0.000
F	-0.234	-0.094	0.000	0.000	0.012	-0.136	0.000	-0.148
G	0.129	-0.024	0.000	-0.026	0.280	0.117	0.000	0.000
H	-0.117	-0.017	0.000	0.010	0.107	-0.126	0.000	0.000
I	0.126	0.055	-0.000	-0.012	-0.089	0.042	0.000	-0.101
K	0.137	0.000	0.000	0.010	0.064	0.049	-0.000	0.023
L	-0.114	0.008	-0.000	-0.003	0.130	-0.149	-0.000	0.056
M	0.010	0.019	0.000	-0.003	0.014	0.038	-0.000	-0.068
N	0.097	-0.006	-0.000	0.017	0.154	-0.074	0.000	0.000
P	-0.061	-0.108	-0.000	-0.010	0.295	-0.019	0.000	0.000
Q	0.312	0.000	0.000	-0.003	-0.354	0.120	0.000	0.089
R	-0.073	0.051	-0.000	0.008	0.088	0.059	-0.000	-0.083
S	0.000	0.051	-0.000	-0.004	-0.126	0.020	0.000	0.000
T	-0.069	0.008	-0.000	-0.007	-0.099	-0.001	0.000	0.142
V	-0.025	-0.001	0.000	-0.011	0.226	0.058	-0.000	0.191
W	-0.027	0.000	0.000	-0.014	0.000	0.020	0.000	-0.277
Y	-0.376	-0.007	0.000	0.004	-0.337	-0.011	-0.000	-0.175
Intercept	4.61839
