NumCols:	11
A	-0.010	-0.279	-0.036	-0.006	0.029	0.000	0.130	0.004	-0.011	-0.000	0.010
C	0.000	-0.205	-0.014	0.433	0.001	-0.000	0.001	0.000	0.002	-0.000	0.000
D	0.000	0.005	0.025	-0.020	0.012	0.000	0.069	0.000	0.000	0.000	0.000
E	0.000	0.084	0.000	0.106	0.006	0.000	-0.014	0.003	0.001	0.000	0.000
F	0.001	0.064	-0.078	0.040	-0.127	0.000	0.002	-0.027	-0.041	0.000	0.003
G	0.004	0.000	0.020	0.265	0.000	-0.000	-0.072	0.000	-0.004	0.000	0.000
H	0.007	0.000	0.000	0.000	0.000	0.000	0.000	0.000	0.000	-0.000	0.000
I	0.056	0.144	-0.002	0.000	0.022	0.000	0.002	-0.003	0.000	0.000	-0.040
K	0.054	0.000	0.028	0.000	0.010	0.000	0.000	-0.072	0.000	-0.000	0.017
L	-0.149	0.006	-0.020	-1.170	0.010	-0.000	-0.239	0.008	0.002	-0.000	-0.071
M	0.001	0.182	0.000	0.003	-0.095	0.000	0.000	0.000	0.002	-0.000	0.000
N	0.024	0.000	0.009	0.000	0.119	0.000	0.045	0.000	-0.006	0.000	0.000
P	0.040	-0.682	0.003	-0.446	0.018	0.000	-0.182	0.008	-0.006	0.000	0.000
Q	0.060	0.017	0.007	0.245	0.011	0.000	-0.009	0.038	0.027	0.000	0.000
R	0.008	0.048	0.008	0.002	0.000	-0.000	0.103	0.005	0.000	0.000	0.011
S	-0.049	0.106	0.023	0.125	-0.017	0.000	0.623	0.023	-0.001	0.000	0.000
T	0.005	0.488	0.001	0.110	0.029	0.000	-0.076	0.004	0.017	0.000	0.000
V	0.013	0.015	0.014	0.018	-0.027	0.000	0.070	-0.000	0.014	0.000	0.005
W	0.000	0.000	0.000	0.091	0.000	0.000	0.018	0.001	0.001	0.000	0.015
Y	-0.064	0.008	0.014	0.204	0.000	-0.000	-0.471	0.010	0.003	0.000	0.049
Intercept	4.60685
