NumCols:	9
A	0.062	0.259	-0.288	-0.044	-0.022	0.080	-0.086	0.090	0.155
C	-0.050	0.181	0.199	0.034	-0.051	-0.133	0.170	0.003	0.215
D	0.163	0.254	0.207	0.097	0.171	0.364	0.254	0.115	-0.159
E	0.248	0.431	0.294	0.027	0.106	0.290	0.089	0.113	0.518
F	0.015	-0.608	0.064	-0.012	-0.076	-0.239	-0.486	-0.097	-1.140
G	0.264	0.286	-0.024	0.027	0.041	0.124	0.205	0.144	0.336
H	0.150	-0.111	0.135	-0.024	-0.054	-0.070	-0.098	0.080	0.205
I	-0.316	0.131	-0.105	0.011	-0.056	-0.048	0.231	-0.034	-0.839
K	-0.158	0.394	0.111	-0.003	0.126	0.171	0.351	0.054	0.296
L	-0.041	0.090	-0.137	-0.005	0.002	-0.015	-0.164	-0.279	-0.361
M	-0.097	-0.319	-0.399	0.001	-0.094	0.103	-0.045	-0.031	-0.350
N	0.175	0.393	0.088	0.006	-0.031	0.129	-0.045	0.038	0.404
P	0.209	0.453	-0.286	-0.012	0.013	-0.181	0.014	-0.025	0.206
Q	0.222	-0.102	-0.129	-0.002	0.107	0.153	-0.072	-0.026	0.146
R	-0.321	0.203	0.266	-0.102	-0.045	0.145	0.257	-0.031	0.156
S	0.032	0.071	-0.017	-0.044	0.069	-0.044	0.033	0.067	0.395
T	-0.118	0.111	0.127	0.019	0.015	-0.054	0.121	-0.237	0.427
V	-0.097	0.122	0.042	0.001	-0.051	-0.065	-0.030	0.009	0.017
W	-0.014	-0.844	-0.042	-0.044	-0.192	-0.397	-0.452	0.056	-0.801
Y	-0.327	-1.396	-0.106	0.069	0.022	-0.315	-0.250	-0.008	0.173
Intercept	4.56063
