NumCols:	9
A	0.517	-0.681	-0.406	-0.022	-0.033	-0.041	-0.126	0.070	0.264
C	-0.067	0.683	-0.075	0.015	0.063	-0.050	-0.106	0.046	0.733
D	-0.289	0.077	0.453	-0.099	0.155	0.004	0.079	0.210	0.659
E	-0.627	0.228	0.264	0.049	0.123	0.034	-0.048	-0.042	-0.761
F	-0.406	0.025	-0.695	-0.198	-0.250	-0.115	-0.375	-0.380	-0.160
G	0.413	0.328	0.387	0.034	0.065	0.160	0.196	0.016	0.000
H	-0.307	0.181	-0.012	0.094	0.031	-0.073	-0.144	0.100	-0.027
I	-0.083	-0.463	-0.424	0.050	-0.417	-0.068	-0.097	0.123	0.519
K	0.606	0.476	0.117	0.075	0.241	0.138	0.393	0.009	-1.437
L	0.138	-0.114	0.315	0.094	-0.013	0.053	0.199	-0.218	0.418
M	-0.637	-0.219	-0.270	-0.032	0.002	-0.035	-0.221	-0.035	0.066
N	-0.265	-0.104	-0.049	-0.004	-0.059	-0.061	0.044	0.052	0.000
P	0.891	-0.017	0.337	0.031	0.127	0.137	0.164	0.044	0.000
Q	0.029	0.512	0.247	0.056	0.060	0.015	0.290	-0.017	0.182
R	0.465	0.737	0.566	0.144	0.135	-0.017	0.366	0.113	-1.861
S	-0.053	-0.498	-0.204	-0.121	-0.069	0.024	-0.241	0.117	0.385
T	-0.415	-0.963	-0.170	-0.006	-0.003	-0.089	0.029	0.024	0.521
V	0.352	-0.757	-0.077	0.080	-0.200	-0.045	-0.078	0.038	0.563
W	0.024	0.442	0.079	-0.083	0.117	0.045	-0.148	0.082	0.399
Y	-0.285	0.124	-0.385	-0.158	-0.074	-0.017	-0.175	-0.351	-0.464
Intercept	4.47649
