NumCols:	9
A	0.093	-0.000	0.168	-0.169	-0.054	-0.000	-0.014	-0.191	-0.000
C	0.025	0.000	0.015	-0.008	0.000	0.000	-0.000	0.072	0.029
D	0.007	0.000	-0.099	-0.014	0.028	0.000	0.000	0.143	0.000
E	0.146	0.379	0.073	-0.131	0.166	-0.000	0.016	0.072	-0.000
F	-0.393	0.158	0.081	0.012	0.166	0.000	0.005	-0.033	-0.435
G	0.078	0.002	0.126	0.159	0.201	0.000	-0.004	0.177	0.000
H	0.052	0.209	-0.091	0.037	-0.613	-0.000	-0.014	0.023	0.020
I	0.272	0.234	0.106	0.027	0.149	0.000	0.020	0.045	-0.601
K	-0.016	0.005	-0.538	-0.011	0.192	-0.000	0.035	0.063	0.629
L	-0.094	-0.372	0.199	-0.011	-0.120	0.000	-0.019	-0.247	-0.232
M	-0.302	-0.843	-0.088	0.006	0.094	0.000	0.008	0.004	-0.087
N	0.161	-0.000	0.098	0.025	0.268	-0.000	0.000	0.042	0.000
P	0.007	-0.408	0.093	0.030	0.158	0.000	0.020	-0.137	0.071
Q	-0.195	-0.151	-0.175	-0.083	-0.000	0.000	-0.042	0.062	0.018
R	-0.006	0.219	-0.256	0.014	-0.214	-0.000	0.053	0.043	0.122
S	0.160	0.294	0.023	0.046	-0.092	-0.000	-0.007	-0.244	0.024
T	0.073	0.082	0.049	-0.006	0.076	-0.000	0.003	-0.105	0.240
V	0.226	-0.126	0.023	-0.040	-0.236	-0.000	-0.023	0.088	0.011
W	0.016	0.081	0.098	0.033	-0.229	0.000	-0.009	0.006	0.062
Y	-0.312	0.237	0.097	0.083	0.056	-0.000	-0.026	0.119	0.129
Intercept	4.6631
