NumCols:	9
A	0.255	-0.472	0.094	-0.005	0.374	0.063	-0.064	-0.439	-0.611
C	-0.251	0.317	0.130	-0.011	0.081	-0.009	-0.191	-0.198	0.355
D	0.270	0.838	0.419	0.349	0.234	0.163	0.295	0.127	0.990
E	-0.013	0.407	0.199	0.192	0.395	0.492	0.367	0.143	-0.231
F	-0.427	-0.084	-0.027	-0.047	-0.025	-0.541	0.193	0.158	-0.719
G	0.438	0.108	0.050	0.244	0.266	0.202	0.379	0.260	0.075
H	0.129	0.630	-0.116	0.048	-0.693	-0.328	-0.141	-0.039	0.376
I	0.137	-0.399	0.101	-0.045	0.056	-0.036	0.265	-0.158	-0.748
K	0.228	0.128	-0.672	-0.291	-0.708	-0.054	-0.063	0.268	0.525
L	-0.252	-0.655	-0.196	-0.028	0.150	-0.011	-0.226	0.214	-1.092
M	-0.681	-0.709	-0.633	-0.228	-0.157	0.285	-0.075	0.108	-0.878
N	-0.151	-0.192	0.010	-0.038	0.073	0.234	-0.105	0.187	0.984
P	0.726	-0.637	0.413	0.117	0.605	0.069	0.099	-0.349	0.269
Q	0.153	0.223	0.101	-0.002	0.056	0.106	-0.097	0.034	0.733
R	-0.012	-0.025	-0.652	-0.301	-1.060	-0.340	0.059	0.067	0.361
S	-0.207	0.010	0.013	0.061	0.113	-0.101	-0.139	-0.419	0.046
T	0.216	-0.008	0.356	-0.085	0.203	-0.092	-0.038	-0.115	0.221
V	0.193	-0.078	0.274	0.059	0.194	-0.037	0.015	-0.086	-0.645
W	-0.421	0.222	0.154	0.073	0.236	0.057	-0.233	0.152	-0.185
Y	-0.331	0.376	-0.019	-0.064	-0.395	-0.125	-0.299	0.086	0.174
Intercept	5.03255
