NumCols:	8
A	0.265	0.275	-0.322	0.000	-0.122	0.091	0.018	0.186
C	0.030	0.036	0.004	0.000	-0.047	-0.092	0.005	-0.642
D	0.003	0.046	0.123	-0.000	0.042	0.066	0.066	0.000
E	0.165	-0.060	0.017	0.000	0.009	0.114	0.019	0.000
F	-0.112	0.139	-0.190	-0.000	0.041	-0.256	0.009	0.276
G	-0.044	-0.052	-0.623	-0.000	0.070	0.153	0.120	0.000
H	-0.162	0.117	0.205	0.000	0.009	0.050	0.018	0.000
I	-0.168	-0.011	0.107	-0.000	-0.020	-0.121	0.034	0.016
K	-0.137	0.000	0.210	0.000	0.052	0.006	0.217	0.913
L	-0.346	-0.900	-0.081	-0.000	-0.056	-0.265	-0.059	-0.080
M	-0.208	-0.378	-0.166	0.000	-0.004	-0.081	-0.028	0.027
N	0.011	-0.065	0.028	0.000	0.030	0.181	0.010	0.051
P	0.144	0.246	0.015	-0.000	0.028	-0.199	-0.383	0.005
Q	0.020	0.292	0.202	-0.000	-0.012	0.037	0.273	0.388
R	0.220	0.143	0.407	0.000	0.011	0.026	0.213	0.673
S	0.188	0.045	0.127	0.000	0.062	0.151	0.023	-1.614
T	0.074	0.088	0.057	0.000	0.100	-0.031	-0.099	0.468
V	0.064	0.055	0.113	-0.000	-0.180	0.114	-0.086	-0.424
W	0.050	0.000	-0.085	-0.000	-0.011	0.009	0.009	0.183
Y	-0.055	-0.017	-0.147	0.000	-0.002	0.047	-0.378	-0.427
Intercept	4.31021
