NumCols:	8
A	0.262	0.332	0.314	0.080	-0.002	0.040	0.083	0.086
C	0.022	0.029	0.030	0.000	0.019	0.112	0.000	0.073
D	0.000	-0.046	0.024	-0.155	0.003	0.106	-0.082	0.000
E	0.031	0.103	-0.504	0.140	0.033	-0.059	0.154	0.000
F	0.053	-0.453	-0.412	-0.100	-0.021	-0.111	-0.135	-0.259
G	0.120	0.219	-2.015	0.111	-0.018	0.048	-0.246	0.000
H	-0.060	0.065	0.068	0.029	0.000	-0.148	0.178	0.000
I	0.000	0.285	0.158	-0.017	0.018	0.042	-0.253	-0.228
K	0.067	0.000	0.060	0.011	0.030	0.043	-0.307	0.180
L	0.368	0.060	0.563	-0.102	-0.033	-0.299	-0.554	0.291
M	-0.106	-0.109	-0.205	0.003	0.007	0.042	0.037	0.139
N	0.086	0.000	0.093	-0.047	-0.021	0.012	-0.062	0.000
P	0.165	0.019	-0.069	0.020	0.079	0.096	0.375	0.000
Q	0.016	-0.012	0.450	0.047	-0.040	0.080	0.000	0.079
R	-0.545	0.016	0.203	-0.036	-0.035	0.024	0.130	0.044
S	-0.122	0.070	-0.135	0.069	0.040	0.102	0.140	0.000
T	0.102	-0.045	0.361	0.081	-0.011	-0.037	0.322	-0.049
V	-0.047	0.025	0.000	-0.004	0.007	0.045	0.664	0.274
W	-0.094	0.007	0.674	0.059	-0.049	0.002	-0.455	-0.856
Y	-0.318	-0.566	0.346	-0.188	-0.007	-0.140	0.013	0.226
Intercept	4.39614
