NumCols:	10
A	-0.202	0.002	-0.283	-0.141	-0.033	-0.101	-0.009	-0.126	-0.089	-0.526
C	0.104	0.446	0.008	-0.011	-0.207	0.094	0.047	-0.030	0.266	0.557
D	0.473	0.000	0.178	-0.172	-0.049	-0.004	-0.045	0.107	0.339	0.161
E	0.623	0.336	0.441	-0.116	-0.068	-0.031	-0.038	-0.041	-0.022	0.000
F	-0.683	-0.015	-0.509	0.158	-0.257	-0.018	-0.095	-0.188	-0.145	-0.124
G	-0.023	0.679	0.091	-0.085	-0.071	0.093	0.119	0.114	-0.069	-0.434
H	-0.211	0.159	-0.061	0.187	-0.034	0.086	0.030	-0.020	0.057	0.439
I	-0.049	-0.484	-0.117	0.120	-0.034	-0.076	-0.087	-0.057	0.181	-0.701
K	-0.186	-0.189	0.263	0.222	0.209	0.266	0.374	0.424	0.218	0.811
L	-0.216	-1.211	-0.055	0.007	0.055	-0.061	-0.233	-0.010	-0.198	-0.955
M	-0.246	-1.108	-0.538	-0.014	0.034	-0.055	-0.035	-0.208	0.039	-0.519
N	0.146	-0.001	0.226	-0.152	0.124	0.004	-0.081	-0.020	0.068	0.442
P	0.599	0.892	0.231	0.040	0.016	-0.158	-0.014	0.082	-0.283	0.632
Q	0.120	-0.433	0.178	-0.007	0.250	0.131	0.051	0.063	0.184	0.445
R	-0.111	0.632	0.279	0.085	0.273	0.183	0.107	0.284	0.035	0.375
S	-0.113	-0.245	-0.237	-0.248	-0.062	-0.020	0.024	-0.064	-0.083	-0.123
T	0.171	-0.098	0.166	-0.029	0.132	-0.034	-0.086	-0.013	-0.138	-0.067
V	0.196	-0.337	0.018	0.164	-0.013	-0.103	-0.067	0.058	0.119	-0.994
W	-0.028	0.690	0.138	0.044	-0.180	0.127	0.070	-0.156	0.118	0.172
Y	-0.363	0.286	-0.417	-0.054	-0.085	-0.323	-0.033	-0.200	-0.598	0.408
Intercept	4.17451
