NumCols:	9
A	0.385	-0.197	-0.239	-0.036	0.023	0.215	-0.000	-0.300	-1.342
C	-0.300	0.028	-0.102	-0.013	-0.254	-0.077	-0.016	0.135	0.031
D	0.521	0.208	0.208	0.017	0.075	0.172	0.002	0.236	0.000
E	0.337	0.160	0.278	-0.013	0.354	0.098	0.127	0.029	0.000
F	-1.263	0.195	-0.229	-0.021	-0.066	-0.319	-0.172	0.122	0.424
G	0.349	0.002	0.330	0.035	0.100	-0.057	0.064	-0.016	0.000
H	-0.020	-0.072	0.021	-0.076	-0.120	-0.049	-0.026	0.100	0.119
I	-0.149	-0.027	-0.225	-0.026	-0.309	0.077	-0.056	-0.092	-0.212
K	0.158	-0.077	0.162	0.006	0.251	0.082	0.031	0.178	0.323
L	-0.485	0.308	-0.054	-0.168	-0.078	-0.036	0.072	-0.126	0.367
M	-1.129	0.301	-0.123	0.123	-0.425	-0.063	0.048	0.106	0.487
N	0.178	0.063	-0.107	-0.022	0.259	-0.013	-0.125	-0.120	-0.291
P	0.592	-1.110	0.240	0.076	-0.073	0.066	-0.052	-0.361	0.104
Q	0.467	-0.087	0.214	0.063	0.269	0.259	0.074	-0.019	0.000
R	0.330	0.203	0.081	0.057	0.113	0.103	0.108	0.263	0.369
S	0.155	0.196	0.208	-0.004	0.100	-0.069	0.101	-0.131	0.226
T	0.283	-0.026	-0.093	0.068	-0.073	0.019	0.079	-0.022	-0.590
V	0.122	0.144	-0.026	-0.011	-0.044	-0.107	-0.106	-0.113	-0.604
W	-0.513	0.000	-0.209	-0.063	0.031	-0.159	-0.065	0.101	0.317
Y	-0.020	-0.209	-0.334	0.009	-0.133	-0.143	-0.088	0.030	0.273
Intercept	4.49688
