NumCols:	10
A	0.021	0.154	-0.038	-0.017	-0.018	-0.017	-0.086	-0.008	-0.097	-0.086
C	0.000	0.000	0.000	0.000	0.000	0.000	0.000	-0.001	0.166	0.000
D	0.000	0.000	0.000	0.028	-0.017	0.002	0.034	0.054	0.095	0.000
E	-0.079	-0.319	0.069	-0.007	0.123	-0.004	0.000	-0.034	0.159	0.000
F	0.031	0.000	-0.236	0.007	-0.123	0.008	0.033	-0.017	0.053	-0.333
G	-0.202	-0.109	0.024	-0.011	-0.079	0.002	-0.068	0.003	0.313	0.000
H	0.077	-0.206	0.000	-0.007	-0.011	0.000	-0.050	-0.011	0.196	0.000
I	-0.057	0.055	0.175	0.006	0.011	-0.005	0.017	0.002	-0.161	-0.182
K	-0.120	-0.558	-0.094	-0.011	-0.004	0.000	-0.143	-0.013	0.294	0.298
L	0.000	0.191	0.109	0.043	-0.080	-0.009	-0.099	0.002	-0.259	0.360
M	-0.015	-1.225	-0.072	-0.011	-0.055	0.012	0.118	0.000	-0.103	-0.086
N	0.113	0.000	-0.047	0.011	-0.013	0.000	0.050	-0.005	0.035	0.000
P	0.009	1.081	0.339	0.004	0.026	0.018	0.028	0.011	0.068	0.000
Q	0.240	-1.472	0.084	0.000	0.039	0.003	0.034	-0.011	0.283	0.276
R	-0.099	0.906	-0.080	-0.017	0.123	0.000	-0.033	0.012	0.097	0.282
S	0.086	0.418	-0.080	-0.013	0.000	-0.002	-0.022	-0.011	-0.531	0.000
T	-0.053	0.575	0.054	0.008	0.031	0.003	0.015	0.022	0.048	0.000
V	0.046	0.179	0.067	-0.014	0.000	-0.002	0.078	0.002	-0.615	-0.390
W	0.000	0.228	-0.071	-0.005	0.014	0.002	0.016	0.006	0.135	0.493
Y	0.000	0.102	-0.205	0.006	0.033	-0.010	0.078	-0.002	-0.177	-0.631
Intercept	3.50047
