NumCols:	8
A	0.209	0.004	0.078	0.000	-0.353	-0.338	-0.048	0.347
C	-0.013	0.003	0.062	-0.000	-0.024	0.241	0.000	0.172
D	0.000	0.014	0.087	-0.000	0.201	0.012	-0.034	0.000
E	0.144	-0.015	0.337	0.000	0.171	0.115	0.088	0.000
F	-0.269	0.056	-0.225	-0.000	-0.375	-0.247	-0.041	0.454
G	0.134	0.040	-0.272	-0.000	0.239	0.496	-0.010	0.000
H	-0.090	0.000	0.090	0.000	0.140	0.173	0.001	0.000
I	-0.075	-0.095	-0.103	0.000	-0.123	-0.218	0.086	0.172
K	-0.016	0.000	0.266	0.000	0.183	0.116	0.096	0.687
L	-0.685	-0.108	-0.158	0.000	-0.108	-0.245	-0.125	-0.051
M	-0.252	-0.092	-0.271	-0.000	-0.011	0.064	0.024	0.083
N	-0.072	-0.052	0.022	0.000	0.004	0.032	0.023	0.000
P	0.322	0.117	-0.272	-0.000	0.278	-0.251	-0.118	-0.935
Q	0.319	-0.059	0.013	-0.000	-0.116	0.202	0.074	0.506
R	0.354	0.075	0.062	0.000	0.144	0.277	0.095	0.569
S	0.033	0.009	0.245	0.000	0.195	0.074	-0.092	-2.793
T	0.108	0.037	0.020	-0.000	-0.034	-0.256	-0.064	0.598
V	-0.137	0.023	-0.016	-0.000	-0.410	0.040	0.054	-0.380
W	-0.003	0.000	-0.041	-0.000	0.005	-0.139	-0.001	0.441
Y	-0.011	0.043	0.076	-0.000	-0.008	-0.147	-0.009	0.130
Intercept	4.36214
