NumCols:	11
A	-0.000	-0.146	-0.000	-0.000	-0.355	-0.056	0.000	0.000	-0.000	0.001	0.485
C	-0.000	0.011	0.000	-0.000	0.000	0.004	-0.000	0.000	0.000	0.000	0.000
D	0.000	-0.028	0.000	0.000	0.062	-0.021	0.000	0.000	0.000	0.000	0.000
E	-0.000	-0.038	-0.000	0.000	-0.037	0.005	0.000	0.000	0.000	0.000	0.000
F	0.000	0.044	0.000	0.000	0.074	-0.079	-0.000	-0.000	-0.001	-0.000	-0.295
G	0.000	0.000	-0.000	0.000	-0.409	0.004	0.000	-0.000	-0.000	-0.001	0.000
H	0.000	0.000	0.000	0.000	0.041	0.011	-0.000	0.000	0.000	0.000	0.000
I	0.000	-0.113	-0.000	0.000	0.125	0.004	0.000	0.000	0.000	0.000	0.297
K	0.000	0.000	0.000	0.000	0.032	0.040	0.000	0.000	0.000	0.000	0.387
L	0.000	-0.169	0.000	-0.000	0.073	0.057	-0.000	0.000	0.000	0.001	0.318
M	0.000	0.132	0.000	0.000	0.000	0.000	0.000	-0.000	-0.000	0.000	0.000
N	-0.000	0.000	0.000	-0.000	0.238	0.000	0.000	-0.000	0.000	-0.000	0.000
P	0.000	0.011	0.000	-0.000	0.216	0.009	0.000	0.000	0.000	0.000	0.000
Q	0.000	0.098	0.000	0.000	-0.166	0.020	0.000	0.000	0.000	0.000	-0.953
R	0.000	0.198	0.000	0.000	0.036	0.016	0.000	0.000	0.000	0.000	-0.040
S	-0.000	0.201	-0.000	-0.000	0.267	0.016	-0.000	-0.000	-0.001	-0.001	0.000
T	0.000	-0.061	0.000	0.000	-0.187	-0.002	-0.000	0.000	0.001	-0.001	0.000
V	0.000	-0.266	0.000	-0.000	-0.009	0.002	0.000	0.000	-0.000	0.000	0.082
W	0.000	0.000	0.000	0.000	0.000	-0.029	0.000	0.000	0.000	0.000	0.177
Y	0.000	0.128	-0.000	0.000	0.000	0.000	0.000	0.000	-0.001	-0.001	-0.457
Intercept	4.32539
