NumCols:	10
A	0.550	0.086	0.049	0.212	0.014	-0.011	0.088	-0.218	-0.021	-1.784
C	-0.169	0.000	0.005	-0.169	-0.029	0.001	-0.014	0.012	0.007	0.000
D	0.674	0.000	0.273	0.082	0.010	0.031	-0.009	0.007	0.024	0.000
E	0.221	-0.011	0.127	0.257	0.344	0.006	0.028	0.014	-0.023	0.629
F	-1.010	0.007	-0.209	-0.015	-0.277	-0.002	-0.009	0.002	0.013	0.127
G	0.005	-0.118	0.237	0.195	0.359	-0.007	-0.029	0.084	-0.034	0.000
H	-0.253	0.144	-0.303	-0.071	0.012	-0.003	0.000	-0.009	0.004	0.000
I	0.002	0.038	-0.179	-0.274	-0.222	-0.011	-0.039	0.011	-0.034	-0.285
K	0.463	0.110	-0.034	0.198	-0.006	0.013	0.003	0.034	0.005	0.134
L	-0.443	0.393	-0.085	-0.221	-0.233	-0.025	-0.061	0.124	0.036	0.262
M	-0.895	0.065	-0.455	-0.100	-0.141	0.007	0.007	-0.092	0.006	0.194
N	0.215	0.051	0.177	-0.302	0.321	0.000	0.015	0.116	0.013	0.000
P	0.522	-0.711	0.419	0.037	0.059	0.006	0.064	0.040	0.005	0.000
Q	0.502	0.277	-0.171	0.086	0.202	-0.002	0.022	0.108	-0.000	0.608
R	0.417	0.016	0.056	0.196	0.061	-0.008	0.023	-0.065	0.021	0.620
S	0.021	-0.197	0.076	-0.071	0.235	0.025	-0.032	0.047	-0.009	0.000
T	0.133	-0.002	0.019	0.223	-0.110	0.008	0.058	-0.106	-0.000	0.040
V	-0.079	-0.078	-0.001	-0.125	-0.185	-0.028	-0.050	0.037	-0.007	-1.155
W	0.081	-0.077	0.099	0.251	-0.271	0.006	-0.032	-0.019	0.002	0.404
Y	-0.957	0.008	-0.101	-0.389	-0.145	-0.006	-0.032	-0.126	-0.006	0.207
Intercept	4.36032
