NumCols:	9
A	-0.288	0.272	-0.019	-0.076	-0.035	0.117	0.045	0.031	0.192
C	-0.498	0.156	0.041	0.001	-0.002	0.042	0.056	0.007	0.093
D	1.273	0.709	0.511	0.156	0.037	0.253	-0.008	0.016	-0.183
E	0.795	0.707	0.347	0.069	-0.023	0.097	0.030	-0.030	0.845
F	-0.254	-1.447	-0.039	-0.042	-0.035	-0.304	-0.084	-0.019	-1.396
G	0.079	0.122	-0.072	-0.045	-0.025	0.079	0.078	0.020	0.191
H	-0.125	0.144	-0.161	-0.007	0.015	0.020	-0.031	0.014	0.281
I	0.341	0.396	-0.004	0.050	0.067	-0.161	0.105	-0.012	-0.731
K	-0.194	0.915	0.318	-0.041	0.072	0.104	0.151	-0.001	0.874
L	-0.012	0.228	-0.397	0.082	-0.040	-0.113	-0.004	0.012	-0.695
M	-0.364	-0.285	-0.261	0.110	0.019	-0.041	-0.182	-0.028	-0.342
N	0.134	0.394	-0.210	-0.047	-0.109	0.132	-0.050	0.016	0.008
P	0.681	0.566	-0.420	-0.142	0.019	0.125	-0.012	-0.004	0.053
Q	-0.090	0.115	-0.201	-0.112	-0.019	0.097	-0.039	-0.007	1.058
R	-0.501	0.678	0.164	-0.011	0.106	0.013	0.046	0.025	0.714
S	-0.230	0.261	0.012	-0.071	-0.004	0.073	0.032	0.035	0.133
T	0.102	-0.163	0.110	0.017	0.018	-0.154	0.143	-0.020	-0.326
V	0.028	0.007	0.236	0.025	-0.051	-0.062	-0.067	-0.013	0.078
W	-0.182	-1.579	0.025	0.021	-0.011	0.018	-0.110	-0.006	-1.101
Y	-0.696	-2.198	0.022	0.065	0.001	-0.335	-0.099	-0.035	0.257
Intercept	4.43954
