NumCols:	10
A	0.315	0.182	-0.019	-0.143	0.276	0.167	-0.019	-0.210	-0.191	-0.467
C	-0.165	-0.152	0.160	0.135	-0.069	0.051	0.039	-0.124	-0.034	0.000
D	0.067	0.098	0.013	0.026	0.286	0.134	-0.048	0.093	0.061	0.000
E	0.064	0.090	0.278	-0.005	0.053	0.069	0.031	0.114	0.094	0.404
F	-0.210	-0.042	0.010	0.136	-0.014	0.071	0.131	-0.064	0.132	-0.271
G	0.378	-0.016	-0.050	0.061	0.137	0.087	0.153	0.003	0.235	0.098
H	-0.210	-0.012	0.009	-0.180	-0.097	0.069	-0.363	-0.002	-0.020	0.000
I	-0.060	-0.048	0.031	-0.101	-0.092	-0.025	0.048	0.119	-0.151	-0.092
K	0.223	-0.056	-0.123	0.001	-0.364	-0.340	0.022	0.099	0.091	0.548
L	-0.085	-0.015	-0.284	-0.002	0.053	0.005	0.067	0.012	0.032	-0.862
M	-0.120	-0.359	-0.277	-0.499	0.004	-0.002	0.048	-0.013	0.060	-0.768
N	0.006	0.215	-0.017	0.009	-0.082	-0.067	-0.080	0.072	0.040	0.000
P	0.225	-0.106	0.204	0.191	-0.089	-0.043	0.095	0.026	-0.118	0.064
Q	0.059	-0.245	-0.170	-0.068	0.070	0.006	0.146	0.030	-0.133	0.250
R	-0.129	-0.170	-0.166	-0.098	-0.438	-0.115	-0.276	0.065	0.216	0.157
S	0.147	0.109	-0.043	0.054	0.054	-0.095	-0.098	-0.095	-0.411	0.355
T	-0.300	0.121	0.249	0.085	0.168	-0.005	-0.045	0.070	-0.057	0.270
V	0.136	0.090	0.211	0.072	0.174	-0.036	-0.030	0.053	-0.010	0.007
W	-0.214	0.205	0.039	0.024	0.036	0.029	0.093	-0.158	0.059	0.125
Y	-0.127	0.110	-0.055	0.302	-0.067	0.040	0.083	-0.088	0.107	0.183
Intercept	4.32962
