NumCols:	11
A	-0.005	0.054	-0.039	-0.014	0.010	-0.108	-0.103	-0.001	0.000	-0.015	-0.084
C	0.000	0.045	0.039	0.000	0.000	-0.047	-0.002	0.000	0.000	0.000	0.000
D	0.000	-0.000	0.030	-0.015	0.027	-0.997	-0.004	-0.000	-0.000	0.017	0.000
E	-0.003	-0.766	0.000	0.000	0.011	0.287	0.079	-0.000	0.000	0.057	0.000
F	0.000	0.000	0.025	-0.049	0.007	0.170	0.000	-0.000	0.000	0.022	0.000
G	0.001	0.000	0.130	0.014	-0.003	0.238	0.011	0.000	0.000	-0.021	0.000
H	0.001	0.000	0.015	0.006	0.013	0.121	0.044	0.000	0.000	0.005	0.000
I	0.005	0.000	-0.053	0.000	0.029	0.336	-0.027	-0.000	0.000	0.010	0.011
K	0.001	0.000	-0.019	-0.037	0.010	0.562	0.000	0.000	-0.000	-0.004	0.028
L	0.007	-0.029	-0.091	0.012	-0.024	0.147	-0.114	0.001	-0.000	-0.088	0.019
M	-0.003	0.060	-0.250	0.000	-0.007	0.000	0.000	0.001	0.000	0.018	0.005
N	0.000	0.000	0.101	-0.001	0.002	0.083	-0.036	0.000	0.000	-0.037	0.000
P	0.000	0.150	0.034	-0.023	0.015	0.029	0.055	0.000	0.000	0.030	-0.002
Q	-0.002	0.107	0.013	0.000	-0.076	0.355	0.017	0.000	-0.000	0.046	-0.027
R	-0.006	0.171	0.013	0.010	-0.030	0.182	0.000	0.000	-0.000	0.002	-0.037
S	-0.003	0.069	0.000	0.045	0.074	-0.409	0.007	0.000	0.000	-0.060	0.010
T	0.002	0.170	0.031	0.004	-0.064	-0.152	0.110	-0.000	-0.000	-0.036	0.045
V	0.006	0.058	-0.003	-0.003	0.006	0.125	-0.074	-0.000	-0.000	-0.009	0.014
W	0.000	0.000	0.000	0.020	0.000	-1.103	0.000	0.000	0.000	0.061	0.023
Y	-0.000	-0.088	0.024	0.032	0.000	0.182	0.037	0.000	0.000	0.002	-0.007
Intercept	4.33229
