NumCols:	11
A	0.004	-0.244	-0.000	-0.143	-0.000	0.000	0.074	0.022	-0.159	-0.117	-0.038
C	0.000	0.054	0.000	0.028	0.000	0.001	0.046	0.000	-0.980	-0.011	0.000
D	0.000	0.379	0.000	0.068	0.000	-0.000	-0.091	0.000	0.057	0.005	0.000
E	-0.172	0.037	0.000	0.022	0.001	0.000	0.167	0.006	0.327	0.405	0.000
F	0.067	0.018	-0.000	0.038	0.002	0.000	0.094	0.180	-0.218	0.012	0.022
G	-0.596	0.000	-0.000	0.030	-0.002	0.000	0.018	0.052	0.125	0.084	0.000
H	0.335	0.000	0.000	-0.016	0.000	0.000	-0.091	0.157	0.000	0.028	0.000
I	0.089	0.160	0.000	-0.101	0.000	-0.001	0.037	0.171	-0.654	0.041	-0.086
K	-0.039	0.000	-0.000	-0.003	-0.002	0.001	0.000	0.030	0.086	-0.008	0.027
L	-0.046	0.200	0.000	-0.022	0.001	-0.002	-0.057	-0.033	-0.112	-0.169	-0.022
M	0.232	0.035	-0.000	-0.015	-0.000	0.000	-0.264	0.045	-0.117	0.123	0.006
N	0.294	0.000	0.000	0.002	-0.000	0.000	-0.008	0.035	0.171	-0.085	0.000
P	0.090	-1.106	-0.000	0.051	-0.001	0.001	0.090	-0.336	-0.440	-0.305	0.001
Q	0.429	0.011	0.000	-0.003	0.001	0.001	0.018	0.152	0.871	0.309	-0.007
R	-0.168	-0.025	-0.000	-0.149	0.000	0.001	-0.266	0.013	0.091	-0.082	0.046
S	-0.407	0.204	0.000	0.092	0.003	-0.001	0.006	-0.331	0.301	0.004	-0.010
T	0.009	0.070	-0.000	0.030	-0.002	-0.001	0.114	-0.233	0.185	-0.380	-0.028
V	-0.001	-0.044	-0.000	0.011	0.000	0.000	0.124	-0.098	0.247	0.168	0.044
W	0.000	0.000	0.000	-0.003	0.000	0.000	0.001	0.001	0.069	0.000	-0.008
Y	-0.120	0.251	-0.000	0.081	-0.000	-0.000	-0.011	0.166	0.151	-0.023	0.053
Intercept	4.59281
