NumCols:	11
A	0.000	0.015	-0.007	0.001	0.002	0.000	-0.000	-0.003	0.000	-0.041	0.359
C	0.000	0.000	0.001	0.000	-0.000	0.000	-0.000	0.000	0.000	0.000	0.000
D	0.000	0.001	0.008	-0.001	0.193	0.000	-0.000	0.000	-0.000	0.000	0.000
E	-0.000	0.037	0.000	-0.001	0.022	-0.000	0.000	0.001	-0.000	0.019	0.000
F	0.000	0.000	-0.037	0.000	-0.457	-0.000	0.000	-0.091	-0.000	0.000	0.276
G	0.000	0.000	-0.009	0.001	0.022	0.000	0.000	0.088	0.000	0.011	0.000
H	0.000	0.000	-0.001	0.000	0.051	0.000	0.000	0.003	0.000	0.000	0.000
I	0.000	-0.000	-0.009	0.000	-0.016	0.000	0.000	-0.007	0.000	0.029	0.244
K	-0.000	0.000	0.010	0.000	-0.088	0.000	0.000	-0.130	0.000	0.003	0.502
L	-0.000	-0.037	0.029	0.001	-0.122	-0.000	-0.000	-0.020	0.000	-0.093	-0.813
M	0.000	-0.030	0.000	0.000	-0.060	0.000	0.000	-0.002	0.000	0.007	-0.120
N	0.000	0.000	-0.010	-0.001	0.219	-0.000	0.000	-0.024	0.000	0.089	0.000
P	0.000	-0.082	0.026	-0.002	0.173	-0.000	0.000	0.027	0.000	0.009	0.368
Q	-0.000	-0.007	0.010	0.000	0.045	0.000	0.000	0.001	-0.000	0.056	-1.794
R	-0.000	-0.017	-0.010	-0.000	0.000	0.000	0.000	0.000	0.000	-0.015	0.073
S	0.000	0.060	0.000	-0.000	0.096	0.000	-0.000	0.073	-0.000	0.000	0.371
T	-0.000	0.083	0.000	0.000	-0.080	-0.000	0.000	-0.022	0.000	-0.058	0.015
V	-0.000	-0.018	-0.009	0.002	0.000	0.000	0.000	0.019	-0.000	-0.021	0.304
W	0.000	0.000	0.000	-0.001	0.000	0.000	-0.000	-0.016	-0.000	0.000	0.023
Y	0.000	-0.004	0.007	-0.000	-0.000	0.000	-0.000	0.102	0.000	0.004	0.192
Intercept	4.36091
