NumCols:	10
A	0.161	0.162	0.051	-0.429	-0.125	0.063	0.019	0.131	-0.032	-0.112
C	0.009	0.309	0.076	0.076	-0.514	0.053	-0.045	-0.004	-0.004	0.067
D	0.287	0.105	0.019	0.225	0.291	0.156	-0.048	0.025	0.075	0.298
E	0.084	-0.025	0.296	-0.206	0.231	0.221	0.062	0.492	0.046	0.423
F	-0.161	0.170	-0.083	0.322	-0.044	-0.073	-0.088	-0.375	-0.013	-0.553
G	-0.103	0.294	0.118	0.102	0.281	-0.102	0.046	-0.224	-0.034	0.411
H	-0.020	0.281	-0.200	-0.348	0.263	-0.043	-0.012	0.035	-0.039	-0.152
I	-0.182	0.084	-0.356	-0.329	0.102	-0.200	-0.116	-0.199	-0.012	-0.525
K	-0.121	-0.332	-0.050	0.469	0.072	0.119	0.009	0.259	-0.005	-0.128
L	0.081	0.138	-0.108	-0.133	-0.255	-0.066	-0.041	-0.387	-0.036	-0.491
M	0.047	0.093	-0.116	0.090	0.170	0.068	0.012	-0.084	0.014	-0.178
N	0.064	-0.000	-0.006	0.019	-0.062	-0.018	0.044	0.200	0.016	0.245
P	0.242	0.483	0.405	0.479	0.043	0.062	-0.128	-0.224	-0.001	0.614
Q	0.087	-0.251	0.206	-0.398	0.016	0.130	0.021	-0.202	0.041	0.121
R	-0.610	-1.893	-0.175	-0.134	-0.085	-0.049	0.095	0.178	-0.034	-0.352
S	0.099	0.077	0.074	0.145	-0.093	0.048	0.066	-0.003	0.031	0.209
T	0.218	0.236	0.064	0.124	0.089	-0.055	-0.004	-0.060	-0.013	0.095
V	0.020	0.050	0.124	0.092	0.083	-0.123	0.133	0.603	0.036	0.101
W	-0.172	-0.237	-0.168	-0.118	-0.164	-0.194	-0.030	-0.338	0.005	0.081
Y	-0.030	0.257	-0.169	-0.048	-0.297	0.003	0.006	0.177	-0.041	-0.174
Intercept	4.50327
