NumCols:	9
A	0.027	-0.937	0.099	0.089	0.141	-0.086	-0.466	0.059	0.000
C	0.000	0.000	0.000	0.037	0.035	0.000	0.000	-0.231	0.000
D	0.000	0.000	-2.032	-0.093	-0.021	-0.107	0.041	-0.071	0.000
E	0.000	0.000	-1.480	-0.201	0.105	-0.235	0.128	0.157	0.000
F	-0.061	0.735	1.064	0.000	0.032	0.077	-0.051	-0.281	-0.185
G	0.000	0.000	0.000	0.088	-0.214	-0.236	0.109	-0.217	0.000
H	-0.009	0.000	0.000	-0.027	0.013	-0.183	0.658	0.030	0.000
I	0.024	-0.147	0.874	-0.142	0.042	0.529	0.096	0.251	0.050
K	-0.007	0.208	0.410	0.081	0.010	-0.081	0.000	0.368	0.000
L	-0.003	-0.518	0.203	-0.038	0.150	0.144	-0.156	-0.110	0.244
M	-0.003	0.109	0.037	0.092	0.049	0.286	0.039	-0.091	-0.088
N	0.050	0.034	-1.480	-0.226	0.012	-0.221	-0.069	0.100	0.000
P	0.000	0.654	0.017	-0.159	-0.193	0.037	0.118	0.185	0.000
Q	0.022	-0.309	-0.209	0.037	-0.084	0.025	-0.104	-0.223	0.000
R	-0.007	0.888	1.183	0.111	-0.003	0.395	0.078	0.114	0.000
S	0.022	-0.461	-0.381	0.060	0.001	0.093	-0.170	0.387	0.000
T	0.051	-0.384	1.159	-0.190	0.058	-0.233	-0.147	0.042	0.000
V	-0.005	-0.799	-0.078	0.484	-0.214	-0.229	0.016	-0.158	-0.022
W	0.004	0.000	0.466	0.065	0.000	0.049	-0.077	0.000	0.000
Y	-0.104	0.928	0.150	-0.069	0.081	-0.024	-0.041	-0.312	0.000
Intercept	3.75267
