NumCols:	8
A	-0.000	0.243	0.276	0.000	-0.469	0.000	0.066	-0.007
C	0.000	0.255	0.110	0.000	-0.064	0.058	-0.166	0.058
D	0.000	-1.041	-0.281	0.000	0.000	0.012	0.030	0.000
E	0.000	-0.993	0.000	-0.000	0.289	0.023	0.082	0.000
F	-0.000	0.212	-0.193	0.000	-0.087	0.061	-0.293	-0.039
G	-0.000	0.032	0.000	0.000	-0.391	0.030	-0.197	-0.091
H	0.000	0.484	0.000	0.000	0.155	-0.044	0.007	0.000
I	0.000	0.255	-0.023	0.000	0.169	-0.023	-0.042	0.110
K	0.000	0.000	0.316	0.000	0.128	0.128	-0.081	0.094
L	0.000	0.502	-0.057	-0.000	-0.295	-0.007	0.012	-0.374
M	0.000	0.176	0.000	-0.000	0.001	-0.029	0.021	0.049
N	0.000	-0.239	0.090	0.000	0.518	-0.095	0.122	0.000
P	0.000	-0.044	0.195	-0.000	0.029	0.029	0.050	0.000
Q	0.000	-0.340	0.133	-0.000	0.091	-0.063	0.000	0.000
R	0.000	0.356	-0.337	0.000	0.003	-0.028	0.093	0.036
S	-0.000	-0.659	-0.203	0.000	-0.026	0.074	-0.053	0.000
T	-0.000	0.523	0.223	0.000	0.018	0.087	0.030	0.060
V	0.000	0.034	0.000	-0.000	-0.340	-0.077	0.167	-0.219
W	0.000	0.000	0.183	0.000	0.200	-0.076	0.000	0.040
Y	-0.000	0.245	-0.430	-0.000	0.071	-0.060	0.151	0.284
Intercept	4.46963
