NumCols:	11
A	0.076	0.014	-0.338	0.000	0.082	-0.124	0.127	-0.000	-0.000	0.014	0.184
C	0.036	0.002	0.178	0.000	0.000	0.112	0.032	0.000	0.000	0.000	0.000
D	-0.002	-0.004	0.311	0.000	-0.128	-0.001	0.097	0.000	0.000	-0.027	0.000
E	0.046	0.031	0.018	0.000	0.032	0.071	0.007	-0.000	-0.000	0.020	0.000
F	-0.067	-0.074	-0.229	-0.000	-0.132	-0.010	0.015	-0.000	-0.000	0.013	-0.852
G	0.043	0.000	0.124	0.000	-0.030	0.024	0.051	0.000	-0.000	0.038	0.000
H	0.011	0.000	-0.023	-0.000	0.036	0.050	-0.182	0.000	0.000	0.000	0.000
I	0.002	0.001	0.137	0.000	-0.005	0.127	0.058	-0.000	-0.000	0.018	-0.072
K	0.104	0.000	0.196	-0.000	-0.010	-0.081	-0.080	-0.000	-0.000	0.021	0.274
L	-0.209	0.070	-0.043	-0.000	-0.311	-0.126	-0.126	-0.000	0.000	-0.029	-0.286
M	-0.205	-0.014	0.154	0.000	0.131	0.000	0.000	-0.000	-0.000	0.027	-0.026
N	-0.039	0.000	-0.241	0.000	0.064	-0.003	0.000	0.000	0.000	0.027	0.000
P	0.065	-0.078	0.392	-0.000	0.114	0.128	0.081	-0.000	-0.000	-0.062	-0.188
Q	0.186	0.000	0.259	-0.000	0.008	0.065	-0.066	0.000	-0.000	-0.022	0.179
R	-0.030	0.016	0.058	-0.000	-0.046	0.061	-0.078	0.000	0.000	-0.035	0.541
S	0.074	-0.005	-0.575	0.000	0.029	-0.208	-0.056	0.000	-0.000	0.003	0.149
T	0.087	0.007	-0.008	-0.000	0.060	-0.106	0.082	-0.000	0.000	0.004	0.000
V	-0.110	0.059	0.025	0.000	0.106	-0.134	0.088	0.000	-0.000	0.014	0.160
W	0.000	0.000	-0.276	-0.000	0.000	0.107	0.000	0.000	0.000	0.000	-0.056
Y	-0.068	-0.025	-0.120	0.000	0.000	0.046	-0.051	0.000	0.000	-0.025	-0.007
Intercept	4.16437
