NumCols:	9
A	0.001	-0.405	0.294	0.000	0.016	0.000	-0.010	0.047	-0.244
C	0.000	0.000	0.081	-0.000	0.012	0.000	0.002	0.000	0.000
D	-0.002	0.000	-0.563	-0.000	0.035	0.000	0.001	-0.003	0.000
E	0.004	0.000	0.000	-0.000	-0.016	0.000	-0.003	-0.042	0.000
F	-0.012	0.061	-0.292	0.000	-0.100	0.000	-0.001	-0.025	0.342
G	0.000	0.000	0.000	-0.000	-0.003	-0.000	-0.001	-0.017	0.000
H	-0.000	0.000	0.249	0.000	0.035	0.000	0.000	-0.012	0.110
I	0.001	-0.067	0.037	0.000	-0.026	-0.000	0.003	0.060	0.021
K	-0.006	0.000	-0.599	0.000	0.050	0.000	-0.001	-0.021	0.000
L	0.003	0.176	0.318	0.000	0.041	-0.000	-0.000	0.039	0.312
M	0.004	0.217	-0.069	0.000	0.000	-0.000	0.002	-0.000	0.030
N	-0.003	-0.024	0.101	-0.000	-0.007	0.000	-0.001	0.000	0.000
P	0.000	0.000	-0.151	-0.000	-0.014	0.000	0.004	-0.019	0.000
Q	0.000	-0.013	-0.077	-0.000	-0.012	0.000	-0.004	0.028	0.000
R	0.008	0.031	0.053	0.000	0.004	-0.000	0.007	0.099	0.000
S	0.009	-0.022	0.108	-0.000	0.024	-0.000	-0.009	-0.074	0.000
T	-0.001	0.030	0.208	0.000	-0.022	0.000	0.006	-0.077	0.000
V	0.009	0.043	0.035	-0.000	0.010	0.000	-0.000	-0.049	-0.266
W	0.001	0.000	0.317	-0.000	-0.059	-0.000	0.003	0.000	-0.141
Y	-0.015	-0.028	-0.049	0.000	0.033	-0.000	0.003	0.066	-0.164
Intercept	1.48921
