NumCols:	9
A	0.055	0.306	0.037	0.000	-0.160	-0.057	-0.109	-0.393	-0.470
C	0.000	0.000	0.000	-0.045	-0.017	0.000	0.103	0.009	0.000
D	0.334	0.050	0.094	-0.094	0.253	0.323	0.477	0.107	0.000
E	-0.236	0.632	0.181	0.073	0.404	0.466	-0.025	-0.147	0.000
F	-0.444	-0.603	-0.015	-0.078	0.089	0.164	-0.301	0.000	-0.464
G	0.124	0.139	0.227	0.238	0.092	0.053	-0.065	-0.136	0.000
H	0.243	0.125	0.054	-0.018	0.000	-0.201	-0.065	0.104	0.000
I	0.010	-0.341	0.073	-0.084	-0.081	0.185	-0.083	-0.269	-0.404
K	0.016	0.011	-0.058	0.140	0.322	-0.357	-0.150	0.229	1.278
L	-0.297	0.289	0.156	0.152	-0.526	0.048	0.013	0.190	-0.605
M	0.000	0.000	-0.290	0.000	-0.331	-0.027	-0.113	0.238	-1.578
N	-0.122	0.000	0.043	0.040	0.356	-0.024	-0.003	0.196	0.000
P	0.065	-1.512	-0.027	0.013	-0.171	-0.024	-0.185	-0.264	0.000
Q	-0.004	0.357	0.041	0.075	0.260	-0.073	0.282	-0.087	0.000
R	0.092	0.303	-0.305	-0.116	0.017	-0.479	-0.315	0.101	1.152
S	0.158	0.402	-0.116	-0.037	-0.295	0.118	0.136	-0.253	0.000
T	0.185	0.058	-0.039	-0.192	0.148	0.153	0.267	0.304	-0.166
V	-0.162	-0.031	-0.042	-0.104	-0.170	-0.349	-0.104	0.381	-0.210
W	0.181	0.000	-0.000	-0.065	-0.244	0.000	0.134	-0.248	0.341
Y	-0.198	-0.186	-0.014	0.102	0.054	0.082	0.107	-0.062	1.126
Intercept	3.85875
