NumCols:	9
A	0.105	0.245	0.273	-0.020	0.033	-0.025	0.068	-0.176	-1.442
C	0.000	0.000	0.000	-0.003	0.000	0.113	0.050	-0.088	0.000
D	0.000	0.087	0.118	-0.024	0.006	0.025	0.094	0.038	0.000
E	0.000	-0.210	0.000	0.000	0.005	0.083	0.000	0.196	0.104
F	-0.150	0.000	-0.382	-0.062	-0.039	-0.031	-0.135	0.388	0.898
G	0.134	0.000	0.056	0.009	-0.005	-0.171	0.021	0.343	0.000
H	0.123	0.113	-0.139	-0.025	0.014	0.000	0.021	0.125	0.049
I	0.038	0.000	0.281	0.031	-0.061	0.142	0.034	0.057	-0.095
K	0.086	0.274	0.056	-0.033	-0.005	0.139	0.087	-0.189	0.729
L	0.000	0.000	-0.030	0.080	0.004	0.062	0.220	0.240	-0.094
M	0.080	-0.000	-0.198	-0.015	0.025	0.074	0.057	-0.027	0.134
N	-0.448	0.000	0.013	-0.011	0.002	0.066	0.048	0.113	0.000
P	0.236	0.270	0.210	0.029	0.011	0.126	-0.178	-0.247	-1.056
Q	0.098	-0.057	0.282	0.048	0.035	-0.115	-0.031	0.123	0.139
R	0.196	-0.724	0.156	0.023	0.023	-0.272	-0.025	-0.001	0.477
S	0.152	0.000	-0.015	0.014	-0.070	-0.174	0.019	-0.333	0.000
T	0.012	0.000	0.189	0.016	0.000	0.004	-0.016	0.028	0.000
V	0.000	-0.000	-0.046	0.005	-0.019	0.117	-0.145	-0.265	0.080
W	-0.421	0.000	-0.356	-0.018	0.039	-0.182	0.057	-0.308	0.000
Y	-0.243	0.000	-0.468	-0.043	0.004	0.019	-0.245	-0.018	0.077
Intercept	4.21773
