NumCols:	9
A	-0.191	-0.039	-0.161	0.003	-0.000	-0.053	-0.273	-0.001	0.072
C	-0.057	0.263	0.078	0.031	-0.000	-0.040	0.019	0.002	0.059
D	0.222	0.446	0.168	0.105	0.000	0.017	0.126	0.001	-0.011
E	0.457	0.452	0.318	0.145	0.000	0.060	0.451	0.003	0.028
F	0.252	-0.010	-0.140	-0.130	-0.000	-0.075	-0.159	-0.003	0.046
G	0.038	-0.022	0.110	-0.066	-0.000	0.055	-0.423	0.002	0.049
H	-0.102	-0.043	-0.025	0.055	0.000	0.092	-0.228	0.000	0.020
I	-0.183	-0.277	-0.103	-0.006	-0.000	-0.011	0.237	-0.000	0.220
K	-0.472	0.439	0.009	0.017	0.000	0.160	0.283	0.002	0.499
L	0.093	-0.158	0.023	0.172	0.000	-0.059	0.200	-0.005	0.080
M	-0.353	-0.478	-0.171	-0.022	-0.000	-0.095	0.116	-0.002	0.017
N	0.371	0.195	-0.245	-0.056	-0.000	-0.014	-0.069	0.001	0.000
P	0.340	0.502	0.152	-0.017	0.000	0.073	-0.209	0.000	-0.196
Q	0.118	-0.298	-0.119	0.005	-0.000	-0.079	0.086	0.003	-0.104
R	-0.311	0.250	0.089	0.006	0.000	-0.049	0.129	-0.001	0.418
S	-0.233	-0.344	-0.100	-0.150	0.000	-0.082	-0.113	-0.002	-0.009
T	0.069	-0.341	0.146	0.005	0.000	-0.021	0.149	0.002	-0.218
V	-0.196	-0.173	0.151	-0.078	-0.000	0.094	0.063	-0.001	0.028
W	0.004	-0.239	-0.091	-0.039	-0.000	-0.009	-0.121	0.000	0.432
Y	0.136	-0.127	-0.088	0.019	-0.000	0.035	-0.263	-0.002	-1.429
Intercept	4.09046
