NumCols:	9
A	-0.200	0.182	-0.022	0.034	-0.150	-0.209	-0.022	-0.102	0.449
C	0.095	-0.071	-0.013	-0.017	0.099	0.048	0.108	0.073	-0.309
D	0.348	-0.070	-0.017	0.016	0.069	0.045	0.025	0.078	0.672
E	0.221	-2.148	-0.139	0.004	0.143	0.025	0.030	0.052	0.002
F	-0.016	0.008	-0.249	-0.022	-0.096	-0.138	-0.155	-0.032	-0.545
G	-0.277	0.413	0.262	-0.063	-0.184	-0.194	0.017	0.014	1.031
H	-0.205	0.332	-0.111	-0.020	-0.017	-0.209	-0.066	0.045	0.078
I	-0.038	0.151	-0.235	0.012	-0.172	0.024	-0.179	-0.161	-0.841
K	-0.014	0.216	0.328	0.036	0.263	0.193	0.249	0.095	0.114
L	-0.009	0.369	-0.007	0.010	-0.045	0.036	-0.041	0.013	-1.204
M	-0.061	0.076	-0.077	-0.007	-0.006	-0.032	-0.039	0.014	-0.721
N	0.323	0.030	0.046	-0.033	-0.053	-0.099	0.022	0.081	-0.000
P	0.530	0.547	0.356	0.042	0.089	0.048	-0.064	-0.169	0.047
Q	-0.027	-0.917	0.115	0.012	0.004	0.314	0.093	0.133	0.511
R	-0.442	0.292	0.297	0.039	0.320	0.146	0.213	0.176	0.190
S	-0.027	-0.165	-0.205	-0.008	-0.028	0.064	0.050	-0.022	0.066
T	0.015	0.203	-0.085	0.011	-0.006	0.056	-0.065	-0.106	0.753
V	0.249	0.174	-0.075	-0.000	-0.163	0.013	-0.121	-0.104	-0.589
W	-0.192	0.069	0.005	-0.031	-0.002	-0.073	-0.093	-0.031	0.149
Y	-0.272	0.308	-0.174	-0.016	-0.067	-0.056	0.037	-0.046	0.147
Intercept	5.1879
