NumCols:	9
A	-0.111	-0.252	0.124	-0.087	0.163	0.271	-0.141	0.037	0.193
C	-0.051	0.470	-0.120	0.017	-0.107	0.044	-0.007	0.172	0.589
D	0.670	0.402	0.615	0.062	0.346	0.261	0.392	0.469	0.271
E	0.696	0.762	0.440	0.127	0.428	0.347	0.187	0.096	0.456
F	0.101	-0.505	-0.379	-0.094	-0.229	-0.364	-0.538	-0.411	0.065
G	-0.062	0.182	0.270	0.108	0.201	0.137	0.276	0.152	0.907
H	-0.258	0.450	-0.087	-0.012	-0.168	-0.212	-0.259	-0.057	-0.578
I	-0.139	-0.189	-0.014	-0.003	-0.215	-0.087	0.007	0.113	0.158
K	-0.665	0.442	-0.249	0.029	-0.058	-0.136	0.330	0.100	-1.164
L	-0.018	-0.259	-0.066	0.107	-0.075	0.001	0.193	-0.192	-0.101
M	-0.427	-0.678	-0.222	-0.033	0.009	-0.140	-0.051	0.115	-0.171
N	0.259	-0.009	-0.294	-0.076	0.169	0.092	0.088	-0.024	0.276
P	0.550	0.410	0.413	-0.081	0.114	0.139	0.165	-0.245	0.586
Q	0.123	-0.327	-0.032	0.233	0.087	0.034	0.139	-0.080	0.294
R	-0.798	0.689	-0.115	-0.073	-0.208	-0.281	0.182	0.043	-2.228
S	-0.128	-0.373	0.179	-0.053	0.097	0.204	-0.051	0.150	0.066
T	-0.027	-0.505	0.099	-0.012	0.024	0.099	-0.028	0.048	0.329
V	-0.066	-0.390	0.237	-0.051	-0.138	-0.032	-0.122	-0.004	-0.126
W	0.251	0.114	-0.411	-0.089	-0.270	-0.217	-0.277	0.074	0.323
Y	0.099	-0.434	-0.391	-0.020	-0.170	-0.160	-0.486	-0.555	-0.143
Intercept	4.59647
