NumCols:	10
A	0.133	0.238	0.045	-0.053	-0.182	0.075	0.000	-0.079	0.100	0.540
C	0.275	0.156	-0.099	-0.041	0.097	-0.032	0.000	-0.321	0.037	0.166
D	0.195	0.071	0.110	-0.057	-0.004	0.074	0.000	0.347	0.271	0.000
E	0.287	0.216	0.328	0.028	0.043	0.060	0.000	0.358	0.169	0.000
F	-0.292	-0.700	-0.574	0.056	-0.097	-0.087	-0.000	-0.305	-0.199	-1.637
G	0.212	0.076	0.015	-0.090	0.132	-0.011	-0.000	0.236	0.283	0.401
H	0.230	0.279	0.266	0.107	0.018	0.052	0.000	-0.007	0.033	0.000
I	0.005	0.445	-0.322	0.014	0.074	-0.089	-0.000	0.142	-0.102	-0.405
K	0.084	0.119	0.294	0.111	0.176	-0.005	0.000	0.617	0.193	0.821
L	0.011	0.112	-0.264	0.015	-0.037	0.047	-0.000	-0.365	-0.378	-0.490
M	-0.158	-0.153	-0.446	-0.095	-0.093	-0.025	-0.000	-0.247	-0.086	0.513
N	-0.026	0.528	0.417	0.020	0.030	-0.073	0.000	0.243	-0.336	0.000
P	-0.026	0.523	-0.104	0.014	-0.035	0.082	-0.000	-0.310	0.293	0.000
Q	-0.011	0.132	0.339	0.072	0.160	-0.011	0.000	-0.010	0.161	-0.506
R	-0.333	-0.011	0.207	0.028	-0.032	0.113	0.000	0.397	0.310	0.737
S	0.069	0.138	0.105	-0.134	-0.084	0.062	0.000	-0.138	-0.066	0.000
T	0.047	0.492	0.188	0.038	0.044	-0.159	-0.000	0.165	-0.325	0.006
V	-0.224	0.047	0.126	0.096	-0.040	0.029	-0.000	-0.057	-0.251	0.376
W	-0.113	-1.217	-0.192	-0.062	0.064	-0.055	-0.000	-0.148	0.153	-0.809
Y	-0.365	-1.493	-0.439	-0.067	-0.235	-0.047	-0.000	-0.517	-0.261	0.287
Intercept	4.48671
