NumCols:	9
A	0.169	-0.303	-0.136	-0.042	0.163	0.036	0.109	-0.100	-0.349
C	-0.207	0.095	-0.184	-0.020	0.029	0.027	-0.196	0.003	-0.108
D	0.198	0.100	-0.985	-0.053	0.138	-0.016	0.038	0.054	0.479
E	0.205	0.448	-0.379	0.005	0.057	0.077	0.043	0.032	0.474
F	-0.311	-0.043	0.174	-0.014	-0.112	-0.058	-0.102	-0.158	-0.475
G	0.271	0.169	0.125	0.084	0.065	0.006	0.094	0.062	0.343
H	0.000	0.382	0.039	0.021	-0.032	-0.037	-0.151	0.073	0.241
I	0.125	-0.230	0.029	0.009	-0.041	0.057	-0.066	0.009	-0.261
K	0.182	0.700	0.414	0.084	0.059	0.144	0.335	0.143	0.044
L	-0.214	-0.176	0.266	-0.030	-0.114	-0.001	-0.359	-0.304	-0.254
M	-0.198	-0.260	-0.050	-0.071	-0.021	-0.025	-0.095	-0.115	-0.270
N	-0.058	0.315	-0.145	-0.016	-0.017	-0.084	-0.049	0.183	0.073
P	0.013	0.333	0.326	0.040	0.192	0.001	0.222	0.005	0.627
Q	0.041	0.174	-0.041	0.023	-0.033	-0.018	-0.031	0.249	0.724
R	0.201	0.220	0.243	0.020	0.087	0.053	0.374	-0.032	0.239
S	0.125	-0.936	-0.224	-0.064	-0.039	-0.004	-0.045	0.025	0.162
T	0.043	-1.007	0.079	-0.033	-0.025	-0.133	-0.016	0.045	0.110
V	-0.032	-0.229	0.205	0.019	-0.029	0.015	0.010	0.046	-0.317
W	-0.216	0.065	0.214	0.004	-0.152	-0.035	-0.062	0.049	-0.035
Y	-0.337	0.181	0.031	0.033	-0.175	-0.004	-0.053	-0.271	-1.444
Intercept	5.07755
