NumCols:	8
A	0.062	-0.019	-0.043	0.195	-0.006	-0.095	0.033	0.000
C	-0.052	-0.002	-0.002	-0.033	-0.018	-0.037	-0.009	0.000
D	0.009	0.009	0.016	0.077	-0.020	-0.098	0.034	0.000
E	0.171	0.121	-0.037	0.027	-0.008	-0.205	-0.001	0.000
F	0.053	-0.222	-0.000	0.034	-0.008	-0.007	0.017	-0.161
G	0.160	0.056	-0.020	0.112	-0.014	-0.132	-0.002	0.000
H	-0.358	0.001	-0.033	0.034	-0.002	0.000	-0.015	0.000
I	-0.001	0.010	0.016	0.173	0.044	0.082	0.024	0.107
K	0.081	0.241	0.021	-0.049	0.022	0.158	0.033	0.000
L	-0.107	-0.020	0.010	-0.099	0.008	0.081	-0.035	0.449
M	-0.295	-0.157	-0.009	-0.167	0.014	-0.047	-0.020	0.340
N	0.018	0.076	0.035	0.006	-0.008	0.053	0.010	0.000
P	0.031	-0.178	-0.021	0.061	0.013	0.071	-0.067	0.000
Q	0.058	0.004	0.055	-0.011	-0.039	-0.116	0.029	0.000
R	-0.027	-0.201	-0.013	-0.095	0.018	0.171	-0.000	0.000
S	0.154	0.110	0.019	-0.029	-0.005	0.084	0.046	0.000
T	-0.024	0.209	0.004	0.064	-0.010	0.053	-0.008	0.000
V	0.082	0.001	0.018	-0.312	0.023	0.009	0.004	0.000
W	0.099	0.000	-0.020	0.007	-0.007	-0.049	-0.002	-0.859
Y	-0.114	-0.037	0.005	0.004	0.004	0.026	-0.070	0.124
Intercept	4.66718
