NumCols:	9
A	-0.198	-0.000	-0.000	0.113	-0.000	-0.000	0.148	-0.024	0.156
C	0.468	0.000	-0.000	-0.134	-0.000	-0.004	0.128	-0.008	0.000
D	0.000	0.000	0.000	0.226	0.000	-0.002	0.178	-0.032	0.000
E	0.000	0.000	-0.000	-0.124	0.000	0.004	0.014	-0.069	0.000
F	0.473	0.000	-0.000	-0.211	-0.000	0.006	-0.380	-0.041	0.000
G	-0.012	-0.001	-0.000	0.106	0.000	0.000	0.179	-0.067	0.155
H	0.006	0.000	0.000	-0.026	0.000	-0.002	-0.225	-0.110	0.133
I	-0.103	-0.000	0.000	-0.129	-0.000	-0.016	0.162	0.084	0.000
K	0.128	0.000	0.000	0.128	-0.000	0.005	0.000	-0.332	-0.898
L	-0.001	0.000	0.000	0.197	0.000	0.002	0.120	0.050	0.328
M	-0.492	-0.000	-0.000	-0.164	0.000	-0.002	-0.058	-0.098	0.000
N	-0.039	0.000	0.000	0.106	-0.000	0.002	0.461	0.174	0.214
P	0.000	0.000	-0.000	0.179	-0.000	-0.002	0.044	-0.143	0.000
Q	-0.006	0.001	0.000	-0.104	0.000	-0.003	0.111	0.088	-0.038
R	-0.009	0.000	-0.000	0.000	-0.000	-0.002	-0.059	0.133	-0.138
S	0.028	-0.001	-0.000	-0.049	0.000	0.002	0.108	-0.089	0.102
T	-0.187	-0.000	0.000	-0.104	-0.000	0.004	-0.049	0.090	0.000
V	-0.086	-0.000	-0.000	0.351	-0.000	-0.001	-0.254	0.442	0.086
W	0.000	0.000	0.000	-0.140	-0.000	-0.002	-0.325	-0.061	0.000
Y	0.028	0.000	-0.000	-0.220	-0.000	0.010	-0.302	0.013	-0.101
Intercept	1.94391
