NumCols:	10
A	-0.000	0.114	0.093	0.095	-0.015	0.000	-0.006	0.022	-0.000	0.090
C	-0.000	0.056	-0.196	-0.099	-0.004	-0.000	-0.074	-0.057	-0.000	-0.166
D	0.000	0.514	-0.047	0.032	-0.012	-0.000	0.083	-0.202	0.000	-0.017
E	0.000	0.115	-0.053	-0.016	-0.007	0.000	-0.021	-0.314	0.000	0.355
F	0.000	0.507	-0.043	-0.108	-0.067	-0.000	-0.058	-0.750	-0.000	0.148
G	-0.000	-0.202	0.225	0.050	-0.113	-0.000	0.015	0.118	0.000	0.172
H	-0.000	0.057	-0.152	0.012	-0.017	-0.000	-0.006	0.203	0.000	0.432
I	0.000	0.305	-0.214	0.068	-0.012	-0.000	-0.061	-0.155	0.000	0.490
K	-0.000	0.067	0.328	0.168	0.036	0.000	0.003	0.284	-0.000	-1.961
L	0.000	-0.020	0.090	-0.005	0.058	-0.000	-0.044	-0.037	0.000	0.057
M	-0.000	-0.444	-0.140	0.000	-0.019	-0.000	0.009	0.057	0.000	-0.387
N	0.000	-0.938	-0.250	-0.045	0.000	0.000	0.002	0.143	0.000	0.422
P	0.000	-0.012	0.269	0.034	0.044	-0.000	-0.018	0.097	-0.000	0.490
Q	-0.000	0.461	-0.235	-0.055	0.078	-0.000	0.035	0.306	0.000	0.342
R	-0.000	0.011	0.366	-0.135	0.015	-0.000	0.023	0.218	0.000	-1.607
S	0.000	-0.857	-0.233	0.013	0.022	0.000	0.060	-0.105	-0.000	0.625
T	-0.000	-0.488	0.166	-0.008	-0.007	0.000	-0.023	0.158	0.000	0.576
V	0.000	0.345	0.231	0.031	-0.001	-0.000	0.058	0.086	0.000	0.158
W	0.000	0.122	-0.175	-0.045	-0.026	-0.000	-0.046	0.035	-0.000	0.000
Y	-0.000	0.289	-0.031	0.012	0.046	0.000	0.070	-0.109	-0.000	-0.218
Intercept	3.83344
