NumCols:	9
A	-0.247	0.012	-0.206	0.082	-0.223	-0.049	-0.239	0.026	0.000
C	0.542	0.000	0.000	0.175	0.000	0.304	0.046	0.000	0.000
D	0.724	-0.556	-0.474	-0.232	0.098	-0.369	-0.131	0.113	0.294
E	0.596	-0.046	-0.378	-0.558	0.091	-0.292	-0.436	0.003	0.003
F	-0.088	0.170	0.212	-0.048	0.301	-0.168	0.000	0.097	-0.844
G	-0.069	0.483	-0.015	0.011	-0.455	-0.561	0.267	0.041	0.679
H	0.000	0.000	0.290	0.186	-0.100	-0.126	-0.169	-0.007	0.000
I	-0.136	-0.598	-0.364	-0.011	-0.406	0.393	-0.035	-0.149	0.083
K	-0.095	0.625	0.226	0.045	-0.263	0.281	0.000	-0.126	-0.144
L	0.429	-0.349	0.206	0.585	0.078	0.080	0.256	-0.202	-0.473
M	-0.093	-0.258	0.009	-0.007	0.000	0.833	0.178	-0.038	0.418
N	0.046	0.034	0.126	-0.004	0.112	-0.484	0.220	-0.059	-0.099
P	0.194	0.165	0.156	-0.124	-0.096	0.045	0.039	0.072	0.000
Q	0.287	0.117	0.079	0.307	0.090	-0.032	-0.080	0.286	0.214
R	0.286	0.183	0.131	-0.113	0.150	-0.049	0.000	-0.085	0.534
S	-0.412	-0.122	0.338	0.075	-0.321	0.409	-0.223	-0.044	0.372
T	-0.315	0.011	-0.151	-0.081	0.246	0.460	0.124	-0.003	0.000
V	-0.478	0.287	-0.261	0.016	0.303	0.187	0.340	-0.047	-0.474
W	-0.199	-0.202	-0.161	0.030	0.169	-0.852	0.019	0.220	0.062
Y	-0.971	0.045	0.235	-0.332	0.226	-0.011	-0.176	-0.097	-0.625
Intercept	3.88299
