NumCols:	11
A	-0.043	-0.494	0.226	-0.010	-0.305	0.026	0.011	0.031	-0.166	0.193	0.076
C	-0.138	0.061	0.216	0.001	-0.073	0.011	0.073	-0.052	-0.135	-0.124	-0.058
D	0.279	0.261	0.058	-0.009	0.323	-0.025	-0.047	-0.028	0.427	0.277	0.284
E	0.259	0.116	0.100	0.029	0.535	0.093	0.045	0.052	0.235	0.102	0.408
F	-0.521	0.770	0.039	-0.032	0.011	-0.033	0.027	0.012	-0.071	-0.187	-1.002
G	0.389	-0.068	0.114	-0.054	0.145	0.009	-0.201	0.030	-0.009	0.030	0.009
H	0.038	0.790	-0.079	0.079	0.128	0.009	-0.090	0.062	0.123	-0.020	0.132
I	-0.257	-0.040	0.080	0.062	-0.323	-0.008	0.100	0.081	-0.147	0.000	-0.529
K	0.196	0.475	0.189	0.027	0.342	0.038	0.106	0.059	0.189	-0.006	0.067
L	-0.229	-0.040	0.187	0.023	0.208	-0.054	0.107	-0.055	-0.121	-0.216	-0.765
M	0.046	0.296	0.128	0.020	0.072	0.027	-0.041	-0.007	-0.076	-0.077	-0.581
N	0.133	0.431	-0.020	-0.016	-0.174	-0.040	-0.093	-0.064	0.083	0.116	0.469
P	0.476	0.014	-1.080	-0.034	-0.502	0.036	-0.135	0.079	0.046	0.116	-0.209
Q	-0.019	0.550	-0.001	0.025	-0.202	-0.008	0.064	-0.008	-0.248	-0.013	0.963
R	-0.146	0.167	0.093	0.003	0.568	-0.011	0.007	-0.029	-0.039	-0.155	0.539
S	0.011	-1.334	0.034	-0.009	-0.065	0.018	0.042	-0.004	-0.135	0.123	0.396
T	-0.005	-1.586	0.125	0.009	-0.322	0.012	0.075	-0.065	-0.059	-0.077	0.212
V	-0.119	-0.435	-0.054	-0.060	0.122	-0.023	-0.075	-0.078	0.246	0.039	-0.520
W	0.017	0.310	-0.132	-0.040	-0.208	-0.030	0.017	-0.015	-0.043	-0.015	-0.030
Y	-0.367	-0.245	-0.222	-0.015	-0.280	-0.048	0.007	-0.001	-0.100	-0.105	0.139
Intercept	5.11652
