NumCols:	9
A	-0.276	-0.826	0.032	-0.116	-0.220	-0.041	0.041	0.255	0.370
C	0.476	0.213	0.159	0.010	-0.017	0.009	0.000	0.258	0.692
D	0.508	0.602	0.030	0.089	-0.009	0.209	0.120	0.270	0.094
E	0.709	1.089	-0.092	0.366	0.467	0.352	0.013	0.064	0.236
F	-0.355	-0.005	-0.154	-0.219	-0.150	-0.307	-0.240	-0.242	-1.206
G	-0.347	-0.513	0.379	0.019	-0.028	-0.227	0.102	0.257	0.216
H	0.506	-0.306	-0.237	0.067	-0.075	-0.111	-0.088	0.165	-0.058
I	-0.575	0.059	0.056	0.089	-0.076	0.157	0.057	-0.122	-0.253
K	-0.535	0.308	0.115	-0.132	0.242	0.066	0.206	-0.089	0.472
L	-0.396	-0.106	-0.104	0.106	-0.138	-0.118	-0.126	-0.363	-0.804
M	-0.324	0.613	-0.438	-0.151	-0.211	-0.214	-0.105	-0.279	-1.426
N	0.698	0.214	0.200	-0.128	0.334	-0.216	0.024	0.223	0.916
P	1.672	0.811	1.017	0.108	-0.119	-0.014	-0.111	0.191	0.485
Q	0.140	0.489	0.210	-0.042	0.189	0.212	0.227	0.071	0.434
R	-0.950	0.881	-0.454	-0.100	0.120	-0.081	0.238	0.068	0.688
S	-0.253	-1.480	-0.201	-0.180	-0.015	-0.225	-0.429	-0.014	-0.000
T	0.264	-1.781	-0.144	0.038	-0.097	0.186	-0.337	-0.336	0.612
V	0.158	-0.919	-0.036	0.133	-0.131	0.140	0.244	-0.137	-0.040
W	-0.648	0.204	-0.086	0.057	-0.076	0.122	0.325	-0.355	0.056
Y	-0.472	0.452	-0.250	-0.014	0.009	0.101	-0.159	0.114	-1.484
Intercept	4.82528
