NumCols:	9
A	0.339	-0.498	-0.157	-0.012	0.113	0.140	-0.462	0.041	0.126
C	-0.536	0.345	0.047	0.010	-0.159	-0.036	-0.204	0.175	0.714
D	0.624	0.778	0.496	-0.085	-0.068	-0.050	-0.459	0.118	0.612
E	0.610	0.153	0.173	0.107	-0.121	-0.165	-0.121	-0.031	0.952
F	-0.470	0.698	-0.736	0.033	-0.096	-0.109	-0.325	-0.098	-1.177
G	0.433	0.230	0.417	-0.186	-0.078	0.016	-0.412	0.012	0.759
H	-0.433	-1.253	-0.020	-0.025	-0.032	-0.101	0.558	0.063	0.537
I	-0.245	0.239	-0.025	0.158	-0.244	-0.039	0.322	0.003	-0.982
K	0.019	-0.230	0.436	0.039	0.166	0.266	0.489	0.051	0.632
L	-0.587	0.153	-0.084	0.102	0.090	0.034	0.120	-0.187	-0.424
M	-1.295	-0.353	0.245	-0.030	0.105	-0.006	-0.582	-0.092	-0.959
N	0.480	0.437	0.084	-0.146	0.066	-0.067	0.084	0.033	0.255
P	0.649	-0.400	0.111	-0.199	0.282	0.054	0.168	-0.193	0.851
Q	0.310	-0.376	0.138	0.189	0.098	-0.087	0.216	0.140	0.568
R	-0.469	-0.887	0.268	0.049	0.286	0.158	0.473	0.012	-0.045
S	0.271	-0.282	-0.458	0.058	-0.046	-0.025	-0.017	0.046	0.715
T	0.542	0.200	-0.406	0.047	0.099	-0.125	0.197	-0.040	0.549
V	-0.182	0.406	-0.144	0.014	0.144	0.140	0.399	0.011	-0.196
W	-0.072	0.349	-0.132	-0.055	-0.183	-0.061	-0.169	-0.052	-2.464
Y	0.013	0.291	-0.252	-0.070	-0.423	0.062	-0.275	-0.015	-1.021
Intercept	5.64751
