NumCols:	9
A	-0.057	0.070	0.019	-0.155	0.003	0.120	0.000	0.212	0.000
C	0.050	0.081	0.021	0.000	0.000	0.037	0.000	-0.043	0.000
D	0.064	0.157	0.148	0.087	-0.012	-0.021	-0.001	0.026	0.000
E	0.080	-0.082	0.013	-0.218	0.003	-0.116	-0.000	-0.566	0.063
F	0.082	-0.051	0.036	-0.263	0.001	-0.084	0.000	0.046	-0.465
G	0.012	0.000	-0.009	0.282	0.007	0.028	0.001	0.142	0.103
H	0.000	-1.380	-0.040	-0.120	-0.003	-0.057	-0.000	0.062	-0.028
I	-0.059	-0.034	-0.104	0.111	-0.004	-0.001	-0.000	0.056	0.300
K	0.140	0.048	0.048	0.070	-0.003	0.108	-0.000	0.079	0.270
L	0.079	0.231	0.115	0.101	-0.004	-0.104	-0.001	-0.040	-0.244
M	0.048	0.026	-0.199	0.013	-0.001	-0.033	0.000	-0.063	-0.042
N	-0.138	0.064	-0.108	0.102	0.000	0.089	0.000	-0.105	0.346
P	0.053	0.267	0.081	-0.249	0.007	0.049	-0.000	0.134	0.000
Q	-0.031	0.188	-0.010	0.110	0.001	0.087	0.001	-0.029	0.000
R	-0.055	0.134	0.017	-0.085	-0.009	-0.023	-0.000	0.088	-0.024
S	-0.348	0.015	-0.283	-0.037	0.006	-0.096	0.000	-0.034	0.057
T	-0.097	0.247	0.076	-0.035	0.003	0.082	0.000	-0.284	0.099
V	0.075	-0.085	0.012	0.118	0.005	-0.040	0.000	0.168	-0.003
W	0.110	0.014	0.046	0.125	0.005	0.000	0.001	0.096	0.185
Y	-0.008	0.089	0.120	0.040	-0.005	-0.026	-0.001	0.055	-0.617
Intercept	4.09762
