NumCols:	8
A	-0.245	-0.078	-0.064	-0.000	-0.494	0.025	0.078	0.074
C	0.000	0.000	-0.004	0.000	0.034	0.000	-0.021	0.000
D	0.154	-0.176	0.026	0.000	0.060	0.011	0.000	0.000
E	0.284	0.288	0.015	0.000	0.055	0.029	-0.026	0.139
F	0.126	-0.388	-0.052	-0.000	0.194	0.031	-0.089	-0.176
G	-0.812	-0.356	-0.064	0.000	0.003	-0.022	-0.348	0.018
H	0.157	0.000	0.000	0.000	-0.012	0.000	0.067	0.000
I	-0.024	0.094	0.027	0.000	-0.065	-0.012	0.124	-0.171
K	0.158	0.206	0.036	0.000	-0.209	0.010	0.288	-0.044
L	-0.170	-0.055	-0.003	0.000	0.082	-0.058	-0.034	-0.263
M	0.000	-0.016	0.000	-0.000	0.000	-0.031	0.021	0.000
N	0.095	-0.092	0.031	0.000	-0.155	0.000	0.002	0.000
P	0.067	0.050	0.136	0.000	0.060	-0.022	-0.010	0.000
Q	0.081	-0.157	0.000	0.000	0.135	0.005	-0.086	0.000
R	-0.359	0.033	0.072	-0.000	0.131	0.023	0.069	0.000
S	-0.163	0.230	-0.000	0.000	-0.139	0.011	0.014	0.046
T	-0.019	0.083	0.006	-0.000	0.288	-0.043	-0.166	-0.249
V	-0.101	0.264	-0.063	-0.000	-0.238	0.010	0.019	0.222
W	0.231	0.069	-0.026	-0.000	-0.016	0.026	0.008	0.334
Y	0.540	0.000	-0.071	0.000	0.286	0.007	0.092	0.070
Intercept	3.45944
