NumCols:	11
A	0.152	0.077	0.004	-0.069	0.006	0.005	0.041	-0.109	-0.084	-0.008	0.000
C	-0.068	0.086	-0.383	0.090	-0.020	-0.001	0.067	0.040	0.016	0.011	0.000
D	-0.010	0.077	0.221	0.132	-0.014	-0.074	-0.148	0.041	-0.010	0.004	0.000
E	0.159	0.220	0.131	0.102	-0.000	0.014	0.112	-0.132	0.002	0.011	0.000
F	-0.056	0.127	-0.219	0.131	-0.025	-0.033	-0.200	-0.153	-0.074	0.005	0.075
G	0.057	0.002	0.108	-0.048	-0.004	0.080	-0.025	-0.204	-0.101	-0.006	0.000
H	-0.081	-0.271	-0.060	0.026	0.011	-0.105	0.031	-0.036	0.078	0.005	0.000
I	0.020	0.101	0.181	0.063	-0.001	0.106	0.001	0.264	0.078	0.007	0.299
K	-0.184	0.180	0.266	0.039	0.002	-0.041	0.036	-0.017	0.078	-0.015	0.000
L	-0.112	-0.021	-0.066	0.153	-0.007	-0.019	0.070	0.082	0.004	-0.016	0.000
M	-0.078	-0.303	-0.052	0.046	0.014	0.004	-0.024	0.040	0.027	0.000	0.270
N	-0.095	0.074	-0.089	-0.233	0.019	0.051	-0.022	0.060	0.039	0.009	0.000
P	0.212	-0.004	-0.080	0.116	0.007	0.109	0.077	0.113	-0.022	0.009	0.000
Q	-0.012	-0.164	0.362	0.130	-0.005	0.018	-0.048	-0.057	-0.004	0.006	0.000
R	0.036	-0.382	0.158	-0.599	0.003	0.144	0.032	-0.060	0.099	-0.005	0.000
S	0.145	0.152	0.107	0.118	0.021	-0.097	0.042	-0.088	-0.054	-0.006	0.000
T	0.069	0.100	-0.035	-0.152	-0.003	-0.094	-0.065	0.003	0.056	0.004	0.000
V	-0.082	-0.036	0.128	0.225	-0.000	-0.054	0.041	0.298	-0.015	-0.005	0.007
W	-0.012	-0.083	0.000	-0.417	-0.010	-0.091	-0.113	-0.134	-0.152	-0.012	-0.850
Y	-0.060	0.069	-0.683	0.148	0.004	0.079	0.095	0.051	0.041	-0.000	0.198
Intercept	4.24752
