NumCols:	10
A	0.376	-0.143	-0.000	-0.164	-0.002	-0.000	0.065	-0.138	-0.018	0.278
C	-0.344	0.130	0.000	-0.172	-0.001	-0.000	0.024	-0.105	0.016	0.080
D	0.333	0.114	0.000	0.144	-0.001	-0.000	-0.061	-0.329	0.017	-0.310
E	0.410	0.421	0.000	0.066	0.001	-0.000	-0.003	-0.397	-0.010	0.294
F	-0.224	0.028	-0.000	-0.253	0.005	-0.000	-0.114	-0.325	-0.030	-0.398
G	0.405	0.469	0.000	0.093	0.005	-0.000	-0.106	-0.335	0.010	0.078
H	-0.484	-0.900	-0.000	0.052	-0.005	0.000	-0.026	0.318	0.004	0.247
I	-0.309	0.016	-0.000	-0.160	0.004	-0.000	0.077	0.186	0.023	-0.059
K	-0.070	-0.078	0.000	0.044	0.011	0.000	0.086	0.459	0.015	-0.353
L	-0.581	-0.155	0.000	0.117	-0.007	-0.000	0.096	0.129	-0.030	0.021
M	-0.873	-0.378	-0.000	-0.062	-0.007	0.000	0.054	-0.319	0.025	0.102
N	0.364	0.079	0.000	-0.137	-0.001	0.000	-0.072	0.073	0.012	0.235
P	0.260	0.129	0.000	0.034	-0.004	0.000	0.026	0.288	0.002	0.573
Q	0.176	0.085	0.000	0.248	0.001	0.000	-0.017	0.221	-0.008	0.168
R	-0.226	-0.572	-0.000	0.083	0.005	0.000	0.057	0.546	0.013	-0.022
S	0.395	-0.047	0.000	-0.167	0.001	0.000	-0.018	-0.238	0.002	0.261
T	0.188	0.126	0.000	0.090	0.001	-0.000	-0.014	0.046	-0.005	0.188
V	0.215	0.465	0.000	0.137	0.005	0.000	-0.010	0.149	0.017	0.257
W	0.292	0.237	-0.000	0.003	-0.002	0.000	0.019	-0.026	-0.004	-1.586
Y	-0.302	-0.023	-0.000	0.006	-0.009	-0.000	-0.062	-0.202	-0.050	-0.053
Intercept	4.69885
