NumCols:	11
A	0.000	-0.001	0.003	0.000	0.000	-0.007	-0.041	-0.002	0.092	-0.021	-0.047
C	-0.000	0.000	0.010	-0.000	0.000	-0.272	0.006	-0.017	0.058	0.015	0.000
D	-0.000	0.000	0.015	0.000	0.001	0.073	-0.018	0.029	0.093	0.014	0.000
E	0.000	0.003	0.107	0.000	0.002	-0.049	0.006	-0.053	-0.138	0.018	0.000
F	-0.000	0.000	-0.081	-0.000	0.001	-0.198	-0.001	-0.026	-0.144	-0.019	-0.034
G	-0.000	0.000	0.147	0.000	-0.005	0.038	0.029	-0.024	0.149	-0.025	0.000
H	0.000	0.000	0.021	0.000	0.000	0.036	0.003	0.027	0.055	0.030	0.000
I	0.000	0.000	-0.042	-0.000	-0.001	-0.157	0.004	-0.066	-0.032	0.032	-0.219
K	0.000	0.000	0.091	0.000	0.004	0.114	0.005	0.029	0.278	0.026	0.000
L	-0.000	-0.002	-0.120	-0.000	-0.001	-0.012	-0.039	0.012	0.071	-0.020	-0.149
M	0.000	-0.003	-0.008	0.000	0.000	0.020	0.000	-0.011	0.000	-0.002	0.102
N	-0.000	0.000	0.055	0.000	-0.000	0.091	-0.006	0.012	0.126	-0.044	0.000
P	0.000	0.000	0.087	0.000	0.001	0.017	0.021	0.036	0.139	0.023	0.004
Q	0.000	0.000	-0.016	-0.000	0.004	0.114	-0.009	-0.014	0.002	-0.058	0.000
R	-0.000	0.000	-0.063	-0.000	-0.002	0.102	-0.001	-0.003	-0.095	0.014	0.000
S	-0.000	0.000	0.095	0.000	-0.000	0.077	0.007	0.016	-0.334	-0.012	0.000
T	-0.000	0.001	-0.057	-0.000	-0.006	-0.045	-0.017	0.024	-0.313	-0.022	0.032
V	-0.000	0.000	-0.028	0.000	-0.001	0.028	0.027	-0.015	0.006	0.035	0.205
W	-0.000	-0.001	-0.164	0.000	0.001	-0.009	0.025	0.038	-0.116	0.004	0.107
Y	-0.000	0.000	-0.052	-0.000	0.002	0.039	0.000	0.006	0.101	0.011	-0.001
Intercept	4.68009
