NumCols:	8
A	0.564	0.072	-0.430	-0.027	-0.726	0.002	0.129	0.000
C	0.021	0.000	0.206	0.000	0.452	0.026	-0.727	0.000
D	0.071	0.288	-0.051	0.002	0.211	0.006	0.000	0.000
E	0.289	0.309	0.071	0.041	1.294	0.035	-0.947	0.000
F	0.273	0.000	0.049	-0.044	-0.465	-0.010	1.164	-0.752
G	0.069	0.435	-0.188	0.004	0.277	0.007	0.663	0.000
H	-0.519	-1.770	0.066	0.000	0.000	0.004	0.341	0.000
I	0.240	0.021	-0.247	0.015	-0.484	-0.013	-0.217	-0.136
K	0.580	0.078	0.136	0.021	0.836	0.006	0.493	-0.000
L	0.109	0.000	0.323	-0.073	0.241	-0.018	-0.349	-1.059
M	-0.127	0.000	0.314	0.010	-0.409	-0.025	0.026	0.000
N	-0.126	0.000	-0.120	-0.009	0.334	-0.007	0.236	1.397
P	0.232	0.567	-0.073	0.002	0.136	-0.044	-0.872	0.000
Q	-0.365	-0.576	-0.069	-0.006	-0.310	0.031	0.001	0.000
R	0.016	0.132	0.381	0.032	0.338	0.005	0.563	0.000
S	-0.164	-0.498	-0.137	0.017	-0.836	-0.005	-0.000	0.000
T	-0.132	-0.353	-0.031	-0.009	-0.276	0.020	-0.259	0.000
V	-0.327	0.000	-0.195	0.032	-0.238	-0.036	-0.239	0.838
W	-0.424	0.564	0.128	0.021	-0.071	0.009	0.141	0.000
Y	-0.278	0.733	-0.134	-0.031	-0.305	0.007	-0.146	-0.288
Intercept	5.48874
