NumCols:	8
A	0.095	0.232	-0.240	-0.018	-0.148	-0.114	0.003	-0.038
C	-0.221	0.077	-0.183	-0.104	0.089	0.112	0.004	-0.028
D	0.319	0.317	0.489	-0.063	0.037	0.046	-0.003	0.124
E	0.543	0.000	0.279	0.010	0.173	0.216	-0.003	0.079
F	-0.050	0.369	-0.088	-0.010	-0.290	-0.181	0.001	0.012
G	0.141	0.235	-0.119	0.104	0.352	0.290	0.013	-0.027
H	-0.128	-0.278	-0.095	0.016	0.219	-0.079	-0.002	0.072
I	0.048	0.116	-0.357	-0.048	-0.230	-0.271	0.005	-0.051
K	-1.094	-0.006	0.238	-0.025	-0.051	-0.008	0.003	0.098
L	0.244	-0.106	0.021	0.097	-0.345	-0.154	-0.005	-0.478
M	-0.063	-0.074	0.194	0.037	0.000	0.008	0.000	0.025
N	0.241	0.129	-0.096	0.044	-0.066	0.032	-0.002	0.106
P	0.847	-0.009	0.543	-0.007	0.191	-0.028	-0.011	0.141
Q	0.273	-0.323	-0.394	-0.096	-0.056	0.108	0.000	-0.039
R	-1.166	-1.338	-0.119	-0.124	-0.022	-0.069	-0.005	0.078
S	-0.007	0.107	0.316	0.061	0.258	0.183	0.001	0.000
T	0.028	0.170	0.124	-0.084	0.007	-0.082	0.002	-0.114
V	0.118	0.148	0.133	0.128	-0.099	-0.034	-0.001	-0.007
W	-0.376	-0.177	-0.573	0.017	0.037	-0.233	-0.001	-0.019
Y	0.208	0.410	-0.074	0.066	-0.059	0.256	0.000	0.065
Intercept	4.72436
