NumCols:	8
A	-0.514	0.000	0.121	-0.070	-0.344	-0.000	-0.059	0.506
C	0.348	0.000	0.015	0.085	0.280	0.099	-0.012	0.000
D	0.941	-0.241	0.559	0.106	0.277	-0.043	0.064	0.000
E	0.735	-0.954	0.323	0.023	0.349	-0.044	-0.025	0.000
F	-0.929	0.000	-0.337	-0.077	-0.012	-0.505	-0.027	0.006
G	-0.661	-0.222	0.390	0.193	-0.388	0.178	-0.016	0.000
H	-0.387	0.637	-0.333	0.116	-0.293	0.056	-0.018	0.000
I	0.168	0.000	-0.488	-0.053	-0.421	0.025	0.025	-1.213
K	-0.057	0.000	0.026	-0.225	0.438	0.254	0.038	0.000
L	-0.225	0.000	-0.317	-0.233	-0.256	0.090	-0.069	-0.148
M	0.068	0.007	-0.104	0.177	-0.416	-0.114	-0.005	-0.501
N	0.515	0.000	0.156	0.029	0.307	0.015	0.028	0.000
P	0.939	0.000	0.508	0.077	0.212	0.049	-0.017	0.000
Q	0.142	-0.204	0.278	-0.118	0.043	0.037	-0.001	0.000
R	-0.206	0.035	-0.438	0.071	0.088	-0.091	0.037	0.000
S	-0.416	0.779	-0.118	-0.043	-0.011	0.629	0.042	0.000
T	0.463	0.164	0.282	0.049	0.111	-0.154	0.003	0.665
V	0.323	0.000	0.277	0.116	-0.403	-0.369	-0.007	-0.173
W	-0.486	0.000	-0.507	-0.032	0.225	-0.153	0.002	-0.005
Y	-0.763	0.000	-0.293	-0.190	0.215	0.041	0.017	0.863
Intercept	4.30998
