NumCols:	9
A	-0.172	0.242	-0.129	-0.093	-0.136	0.025	0.071	0.053	0.248
C	-0.249	0.000	0.088	0.015	-0.080	-0.055	0.120	0.079	-0.037
D	0.340	0.454	0.235	0.151	0.088	0.271	0.050	0.228	0.386
E	0.611	0.099	-0.003	0.016	0.428	0.325	0.145	-0.106	0.825
F	0.018	0.193	0.090	-0.041	-0.169	-0.248	0.092	-0.066	-0.714
G	-0.234	0.202	0.334	0.175	0.063	0.194	0.072	-0.162	0.377
H	0.037	0.146	0.180	-0.021	-0.023	-0.015	-0.371	-0.114	-0.018
I	-0.044	0.014	0.041	-0.013	-0.108	-0.199	-0.039	0.044	-0.279
K	-0.214	-0.209	0.199	-0.008	0.276	0.119	0.342	0.180	-0.455
L	0.183	-0.052	-0.042	0.055	-0.192	-0.155	-0.503	-0.275	-1.116
M	0.093	-0.037	-0.106	0.098	-0.289	0.019	0.067	-0.057	-0.399
N	0.117	-0.205	-0.041	-0.098	-0.034	-0.139	0.008	-0.016	-0.337
P	0.385	0.455	0.171	-0.109	0.192	-0.043	-0.099	-0.068	0.333
Q	-0.026	-0.644	-0.414	-0.028	0.250	0.113	0.183	0.169	0.195
R	-0.917	-1.541	-0.165	-0.073	-0.106	-0.228	-0.319	-0.093	-0.004
S	-0.194	0.188	-0.012	0.066	0.186	0.176	-0.133	0.062	0.154
T	0.014	0.274	-0.058	0.019	-0.052	-0.044	0.040	0.010	0.271
V	0.288	0.113	0.194	-0.055	-0.074	-0.054	-0.044	0.042	-0.164
W	-0.225	0.047	-0.306	-0.090	-0.187	-0.015	0.026	-0.079	0.416
Y	0.190	0.260	-0.257	0.036	-0.033	-0.046	0.292	0.169	0.314
Intercept	4.88589
