NumCols:	8
A	-0.028	-0.073	-0.026	-0.000	0.088	-0.057	-0.001	0.437
C	0.026	0.000	0.001	-0.010	0.005	-0.069	0.027	0.000
D	0.101	-0.466	-0.188	-0.031	0.013	0.069	-0.017	0.000
E	-0.003	0.392	0.043	-0.015	-0.328	-0.068	0.169	0.000
F	-0.073	0.000	-0.059	0.017	0.142	0.006	0.062	0.023
G	0.016	0.249	0.019	0.049	0.076	0.083	0.133	0.000
H	0.038	-0.052	0.020	0.008	-0.063	-0.208	-0.018	0.000
I	-0.033	-0.264	-0.001	-0.127	0.026	-0.056	0.098	-0.685
K	0.098	0.000	0.110	0.040	0.155	0.087	-0.259	0.000
L	-0.028	-0.024	-0.085	-0.114	-0.043	0.026	-0.177	-0.393
M	0.057	0.087	-0.014	-0.023	0.002	0.002	0.014	-0.102
N	0.022	-0.075	0.023	0.082	-0.087	-0.040	-0.072	0.000
P	0.028	0.000	0.081	0.048	0.117	0.018	-0.017	0.000
Q	-0.047	0.079	-0.033	0.092	0.093	0.056	-0.081	0.000
R	0.038	-0.145	0.112	0.079	-0.018	0.059	-0.030	0.000
S	-0.088	-0.004	-0.017	0.009	-0.055	0.100	0.132	0.000
T	0.082	0.170	0.074	0.068	-0.106	0.062	-0.132	0.000
V	-0.164	0.121	-0.009	-0.138	0.038	-0.045	0.107	0.161
W	0.024	0.006	-0.005	-0.025	-0.059	0.018	0.107	0.235
Y	-0.066	0.000	-0.045	-0.008	0.004	-0.044	-0.045	0.324
Intercept	4.83948
