NumCols:	9
A	-0.002	0.150	-0.123	-0.173	0.002	-0.332	0.072	0.008	-0.039
C	-0.057	-0.278	0.435	0.016	0.151	-0.019	0.130	0.116	0.000
D	-0.036	-1.950	-0.409	-0.088	0.029	-0.073	-0.044	0.061	0.000
E	0.050	-0.688	-0.237	-0.121	-0.064	0.048	-0.112	0.018	0.682
F	-0.052	0.220	0.089	0.180	-0.244	-0.153	-0.175	-0.069	0.135
G	0.036	0.071	0.323	0.037	0.006	0.055	-0.160	0.125	0.421
H	-0.008	0.462	0.024	-0.167	-0.004	0.130	0.034	0.044	0.745
I	-0.045	-0.011	-0.186	-0.077	-0.033	-0.029	0.225	-0.136	-1.789
K	0.009	0.168	0.918	0.081	0.182	0.119	0.069	0.013	0.715
L	0.053	0.118	-0.491	-0.156	0.169	-0.029	-0.290	-0.154	-0.540
M	-0.037	0.000	-0.265	0.039	0.000	0.080	0.018	-0.074	-0.000
N	0.033	0.120	-0.437	0.172	0.162	0.042	-0.229	0.022	0.222
P	0.004	0.223	0.742	-0.032	-0.041	0.102	0.137	0.112	0.703
Q	0.042	0.079	0.020	0.110	0.000	-0.164	0.258	0.031	0.000
R	0.004	0.376	-0.212	0.053	0.285	0.288	0.502	0.068	0.000
S	-0.004	0.302	-0.028	0.027	-0.186	0.007	0.024	-0.089	0.000
T	-0.012	0.422	-0.169	0.036	-0.210	-0.093	0.145	-0.140	-0.367
V	0.063	-0.195	0.122	0.012	0.148	-0.091	0.080	0.005	-1.261
W	-0.022	0.000	-0.200	0.000	-0.117	0.093	-0.204	0.082	0.318
Y	-0.019	0.410	0.083	0.051	-0.236	0.018	-0.478	-0.042	0.054
Intercept	5.54703
