NumCols:	10
A	-0.271	0.000	-0.159	-0.002	0.023	0.069	0.437	0.169	-0.063	0.183
C	-0.044	0.000	0.026	-0.024	0.061	-0.083	-0.236	-0.322	-0.108	0.000
D	0.100	0.000	-0.060	-0.022	-0.011	0.033	0.298	-0.001	0.111	0.000
E	-0.439	0.000	0.016	-0.012	0.060	0.140	0.294	0.014	-0.083	0.000
F	-0.102	-0.738	-0.120	0.022	-0.070	-0.194	-0.598	-0.242	-0.297	-0.115
G	0.224	0.816	0.010	0.021	-0.033	0.233	0.002	0.322	-0.074	0.000
H	0.125	0.000	0.138	-0.007	0.036	0.115	-0.188	0.011	0.063	0.000
I	0.351	0.304	-0.024	-0.010	0.015	-0.197	-0.513	-0.003	-0.012	0.354
K	0.085	0.000	0.163	0.005	0.066	-0.175	0.856	0.290	0.202	0.080
L	0.254	-0.629	-0.142	0.004	-0.041	-0.125	-0.464	-0.691	-0.141	-0.080
M	-0.386	-0.584	-0.228	0.000	-0.004	-0.110	-0.288	0.002	0.012	-0.696
N	0.415	0.000	0.154	0.005	-0.097	-0.080	-0.385	-0.122	0.063	0.000
P	0.392	0.200	-0.105	0.002	0.020	0.059	0.748	0.101	0.048	0.000
Q	0.436	0.000	0.109	0.014	0.043	0.097	0.129	0.212	0.089	0.000
R	-0.310	0.000	0.098	0.011	0.023	0.167	0.269	0.158	0.103	0.000
S	-0.659	0.000	0.096	0.002	0.101	0.305	0.257	0.200	0.017	0.000
T	-0.194	1.303	0.175	0.008	0.019	0.248	0.313	0.102	0.244	0.000
V	-0.154	0.728	0.062	0.002	-0.053	-0.143	0.287	0.136	0.121	-0.376
W	0.076	-0.500	-0.054	-0.019	-0.075	-0.417	-0.975	-0.148	-0.125	0.633
Y	0.103	-0.899	-0.156	-0.001	-0.083	0.060	-0.244	-0.187	-0.169	0.017
Intercept	4.13514
