NumCols:	11
A	-0.391	0.000	0.224	-0.097	-0.000	0.266	-0.000	0.000	-0.123	0.482	0.000
C	0.567	0.000	-0.275	0.004	0.000	0.101	0.000	-0.000	0.000	-0.017	0.000
D	0.143	0.000	0.399	0.000	-0.000	0.000	-0.000	-0.000	0.000	0.212	0.000
E	-0.565	0.000	-0.152	-0.002	0.000	0.297	0.000	0.000	0.079	-0.386	0.000
F	-0.909	0.000	-0.819	0.064	-0.000	-0.516	-0.000	0.000	-0.035	0.128	0.564
G	0.245	0.000	0.349	-0.011	0.000	-0.148	-0.000	-0.000	-0.066	0.247	0.000
H	0.000	0.000	-0.308	0.013	-0.000	0.000	-0.000	-0.000	0.081	0.051	0.000
I	0.050	0.000	-0.615	-0.030	0.000	0.013	-0.000	0.000	-0.017	0.323	-1.095
K	0.291	0.000	0.208	-0.093	-0.000	0.248	0.000	-0.000	-0.059	0.011	0.000
L	-0.255	0.000	-0.091	-0.086	0.000	-0.224	-0.000	0.000	-0.081	-1.260	-0.516
M	-0.537	0.000	0.000	0.036	0.000	0.098	0.000	0.000	-0.021	0.139	0.000
N	0.330	0.000	1.055	0.093	0.000	-0.118	0.000	0.000	0.034	0.381	0.000
P	0.669	0.000	0.105	-0.078	0.000	0.161	0.000	0.000	-0.046	0.147	0.000
Q	0.361	0.000	0.000	-0.041	-0.000	0.429	0.000	0.000	-0.027	-0.081	0.000
R	-0.389	0.000	0.192	0.101	0.000	0.260	-0.000	0.000	0.143	-0.537	0.000
S	0.387	-0.000	0.047	0.121	-0.000	-0.156	0.000	-0.000	0.002	-0.069	0.000
T	0.615	-0.000	-0.193	-0.003	-0.000	-0.544	0.000	0.000	0.113	0.000	0.000
V	0.071	0.000	0.365	-0.046	0.000	0.291	0.000	-0.000	-0.006	0.205	0.376
W	-0.466	0.000	-0.410	0.000	0.000	-0.403	-0.000	-0.000	0.029	0.023	0.133
Y	-0.217	0.000	-0.080	0.054	0.000	-0.055	-0.000	0.000	0.000	0.000	0.539
Intercept	3.54626
