NumCols:	10
A	-0.132	0.000	0.003	0.000	0.051	-0.000	0.176	0.153	-0.375	0.105
C	-0.169	0.000	0.090	0.000	0.037	-0.000	0.234	-0.045	0.202	0.000
D	0.650	0.000	-0.086	0.000	0.028	-0.000	-0.142	-0.010	0.602	0.000
E	0.411	0.000	0.041	0.000	0.030	0.000	0.137	0.063	-0.014	0.000
F	-0.013	-0.393	-0.210	0.000	0.015	-0.000	-0.161	-0.001	-0.558	0.279
G	0.345	0.454	0.034	-0.000	-0.047	0.000	-0.037	0.296	0.488	0.000
H	0.021	0.000	0.110	-0.000	-0.003	-0.000	-0.058	0.002	-0.628	0.000
I	0.298	-1.168	0.031	0.000	0.008	0.000	-0.091	0.030	0.358	-0.146
K	-0.948	0.000	0.115	-0.000	0.001	0.000	-0.010	0.405	0.682	0.067
L	0.181	0.126	-0.143	0.000	-0.045	0.000	0.062	-0.055	-0.060	-0.456
M	-0.349	-0.117	-0.112	-0.000	-0.006	-0.000	-0.075	-0.068	0.088	-0.158
N	0.272	0.000	0.022	0.000	-0.029	-0.000	0.016	-0.179	-0.417	0.000
P	0.762	0.000	0.047	-0.000	-0.045	-0.000	0.129	-0.236	-0.296	0.000
Q	-0.283	0.000	-0.009	0.000	0.037	0.000	0.019	0.010	0.292	0.000
R	-0.704	0.000	0.150	-0.000	0.032	0.000	-0.059	0.122	0.356	0.733
S	-0.709	0.000	0.138	-0.000	0.016	0.000	0.018	0.103	-0.033	0.000
T	0.030	1.418	0.217	-0.000	-0.007	-0.000	0.080	0.002	0.204	0.000
V	0.249	0.811	0.009	0.000	0.001	-0.000	-0.110	-0.002	0.277	-0.525
W	0.294	-0.766	-0.123	-0.000	-0.047	-0.000	-0.227	-0.106	-0.393	0.096
Y	-0.207	-0.364	-0.322	0.000	-0.026	-0.000	0.098	-0.483	-0.774	0.006
Intercept	3.57679
