NumCols:	9
A	-0.003	-0.665	-0.210	-0.009	-0.559	-0.015	-0.030	-0.306	-0.168
C	0.127	0.467	0.306	-0.018	-0.096	0.025	0.000	0.108	0.000
D	1.004	0.448	0.125	0.028	0.149	-0.007	0.106	0.366	0.000
E	-0.036	0.358	0.022	-0.018	0.196	0.075	0.016	-0.379	0.000
F	0.144	-0.218	-0.146	-0.011	0.079	-0.011	-0.165	0.282	-0.583
G	0.157	0.000	0.341	0.045	0.109	0.024	-0.001	-0.074	0.000
H	-0.129	-0.364	0.050	-0.005	0.000	0.000	-0.014	0.011	-0.159
I	-0.178	0.361	0.010	0.019	-0.308	-0.056	0.008	-0.219	-0.455
K	0.057	0.000	0.065	0.007	0.040	-0.008	0.100	0.540	-0.045
L	0.023	-0.245	-0.028	0.060	0.045	-0.010	0.158	0.015	-0.450
M	-0.234	0.220	-0.202	-0.012	-0.102	0.261	-0.089	-0.049	-1.193
N	0.380	0.000	-0.120	0.020	0.129	-0.067	0.027	0.236	0.000
P	0.000	-1.701	-0.114	-0.139	-0.152	-0.053	-0.067	-0.467	0.000
Q	-0.226	0.613	-0.120	0.066	-0.103	-0.018	-0.065	0.000	0.000
R	-0.234	0.414	-0.155	0.050	0.247	-0.037	0.044	0.022	0.171
S	-0.266	0.115	-0.203	-0.067	0.105	-0.061	-0.028	-0.259	0.000
T	0.078	0.178	-0.104	-0.047	-0.046	-0.013	-0.030	0.281	0.000
V	-0.394	-0.099	0.010	-0.003	0.059	0.010	-0.022	0.139	0.343
W	-0.194	0.000	0.070	-0.015	0.066	-0.063	-0.016	-0.078	1.613
Y	-0.076	0.118	0.402	0.048	0.142	0.023	0.068	-0.172	0.927
Intercept	3.39167
