NumCols:	9
A	0.034	0.421	-0.000	-0.035	-0.000	-0.180	0.149	-0.091	0.743
C	-0.717	0.044	-0.000	-0.267	-0.000	-0.004	-0.196	0.020	0.000
D	0.441	-0.000	0.000	0.006	0.000	0.051	0.151	-0.028	0.000
E	0.583	-0.060	0.000	0.529	0.000	-0.068	-0.112	0.064	0.000
F	0.055	-0.972	-0.000	-0.302	0.000	0.122	-0.643	0.043	-0.335
G	-0.230	0.000	-0.000	-0.399	0.000	-0.033	0.373	0.132	0.000
H	-0.561	-0.000	0.000	-0.135	-0.000	-0.004	0.069	0.013	0.101
I	0.196	-0.190	-0.000	-0.230	0.000	0.188	0.009	0.101	1.091
K	-0.586	0.000	0.000	-0.025	0.000	0.018	0.005	-0.012	-1.311
L	0.122	-0.365	0.000	0.333	0.000	-0.097	-0.123	-0.286	0.221
M	0.026	0.267	-0.000	-0.096	0.000	0.163	-0.076	0.055	0.713
N	0.442	0.000	-0.000	0.042	-0.000	0.015	-0.049	-0.018	0.000
P	0.462	0.290	0.000	-0.063	0.000	-0.058	0.250	0.015	0.000
Q	0.026	-0.373	0.000	0.315	0.000	-0.041	0.102	0.111	0.000
R	-0.048	0.004	-0.000	0.336	-0.000	0.027	0.486	-0.222	-1.652
S	0.050	0.517	0.000	0.006	0.000	0.032	-0.033	0.041	0.000
T	0.230	0.242	0.000	-0.031	-0.000	-0.019	0.042	-0.008	0.000
V	0.139	0.224	0.000	-0.062	-0.000	0.020	0.142	0.159	0.512
W	-0.806	0.000	-0.000	-0.138	-0.000	-0.025	-0.178	0.086	0.025
Y	0.145	-0.048	-0.000	0.215	-0.000	-0.107	-0.367	-0.178	-0.108
Intercept	4.6378
