NumCols:	9
A	-0.297	0.149	0.045	-0.005	-0.003	0.118	0.174	-0.093	-0.592
C	-0.182	0.012	0.010	-0.003	-0.013	-0.158	-0.055	-0.070	-0.154
D	0.105	0.135	0.008	0.002	0.328	0.174	0.070	0.009	0.000
E	-0.289	0.187	0.057	0.030	-0.007	0.093	-0.008	-0.055	0.528
F	-0.036	-0.499	-0.011	-0.042	-0.203	-0.419	-0.284	-0.132	-0.774
G	0.177	-0.063	0.025	-0.016	0.305	0.131	0.124	0.192	0.344
H	0.045	-0.044	0.002	0.021	0.106	0.016	-0.159	0.028	1.022
I	0.102	-0.138	-0.131	-0.007	0.108	-0.040	-0.085	0.103	-0.533
K	0.155	0.000	0.021	0.047	0.101	0.258	0.179	-0.089	-0.172
L	0.079	0.096	-0.102	0.023	0.043	-0.375	-0.429	-0.226	-1.011
M	0.024	-0.079	-0.066	0.029	0.022	-0.056	0.096	0.105	-1.448
N	0.003	0.000	0.011	0.011	-0.307	0.062	0.060	0.026	0.000
P	0.201	0.463	0.014	0.016	-0.002	0.010	0.169	0.055	0.990
Q	-0.274	0.049	0.042	-0.010	0.037	0.199	0.023	-0.010	1.049
R	0.127	0.291	0.050	0.040	-0.028	-0.121	0.122	0.104	0.841
S	-0.424	0.023	0.061	-0.055	0.293	0.227	0.093	-0.061	0.882
T	0.182	-0.020	0.013	0.013	-0.164	0.152	0.063	0.129	-0.007
V	-0.065	0.320	-0.056	-0.016	0.027	0.046	0.111	0.038	-1.333
W	0.239	-0.102	-0.041	-0.024	-0.516	-0.177	-0.176	0.046	-0.089
Y	0.128	-0.781	0.048	-0.055	-0.129	-0.140	-0.087	-0.098	0.458
Intercept	4.80117
