NumCols:	9
A	0.275	0.695	-0.095	0.087	0.104	0.101	-0.004	0.013	-0.498
C	0.027	0.534	0.537	-0.022	0.095	-0.622	0.019	-0.005	0.000
D	0.326	0.647	0.354	-0.022	0.155	0.047	-0.001	0.101	0.000
E	0.258	-0.003	0.188	0.041	0.201	0.262	-0.008	0.042	0.000
F	0.253	-0.628	-0.314	-0.022	-0.269	-0.021	-0.002	-0.268	0.059
G	0.167	0.000	0.401	0.040	0.045	0.282	0.003	0.130	0.000
H	-0.104	-0.077	-0.269	-0.007	0.000	-0.078	-0.026	0.044	0.000
I	0.016	0.238	0.228	0.043	0.068	-0.041	0.003	0.203	-0.309
K	-0.792	0.000	0.659	0.143	0.046	0.195	0.026	0.129	1.438
L	-0.129	0.206	-0.595	0.058	0.078	0.102	0.001	-0.154	-0.538
M	0.034	0.000	-0.252	-0.076	-0.032	0.025	0.005	0.103	-0.660
N	0.061	0.000	-0.089	0.002	0.008	-0.150	-0.046	0.058	0.000
P	0.532	0.709	0.028	-0.033	0.043	-0.245	-0.004	-0.211	0.000
Q	-0.039	-0.377	0.173	0.022	0.077	0.617	0.018	0.012	0.000
R	-0.404	-0.239	-0.016	0.093	0.143	-0.531	0.021	-0.075	0.633
S	-0.479	0.016	-0.085	-0.221	-0.295	-0.098	0.018	-0.108	0.000
T	0.230	-0.148	0.037	0.041	-0.170	0.062	0.020	0.019	0.133
V	-0.157	0.313	-0.391	0.098	0.129	0.204	0.004	0.210	-0.440
W	0.220	-1.353	-0.240	-0.260	-0.290	0.006	-0.048	0.040	-0.489
Y	-0.296	-0.532	-0.259	-0.004	-0.137	-0.117	0.004	-0.282	0.672
Intercept	4.00198
