NumCols:	10
A	-0.167	0.000	-0.000	0.000	-0.215	-0.237	0.004	-0.126	-0.047	0.139
C	-0.121	0.000	0.000	-0.000	-0.651	-0.137	0.015	0.146	-0.027	0.000
D	0.477	-0.000	0.000	-0.000	-0.027	-0.194	0.002	-0.300	0.085	0.000
E	0.382	0.000	-0.000	-0.000	-0.193	0.010	-0.002	-0.055	-0.285	0.000
F	-0.026	0.000	0.000	0.000	0.072	-0.291	-0.002	-0.693	0.116	0.024
G	0.017	0.000	-0.000	0.000	0.218	-0.012	0.003	0.284	0.107	0.000
H	-0.134	0.000	-0.000	0.000	0.238	0.212	0.006	-0.053	0.308	0.000
I	0.006	0.000	0.000	0.000	-0.802	0.134	0.000	0.043	-0.107	-0.134
K	-0.032	0.000	0.000	0.000	0.288	-0.007	-0.010	0.315	0.094	0.000
L	-0.120	0.000	-0.000	0.000	0.282	0.151	0.002	-0.350	-0.460	0.004
M	-0.010	0.000	0.000	0.000	-0.105	0.000	0.003	-0.142	0.079	0.017
N	-0.134	0.000	-0.000	0.000	0.132	0.261	0.003	0.027	0.339	0.000
P	0.470	0.000	0.000	0.000	0.001	0.239	-0.006	0.334	-0.218	0.000
Q	0.004	0.000	-0.000	-0.000	0.236	-0.006	0.009	0.213	0.067	0.000
R	-0.111	0.000	0.000	-0.000	0.496	0.129	0.001	0.322	0.292	0.000
S	-0.235	0.000	-0.000	0.000	-0.236	-0.016	0.012	0.039	0.236	0.000
T	0.200	0.000	0.000	-0.000	0.204	-0.171	-0.012	0.277	0.017	0.000
V	-0.133	0.000	0.000	-0.000	0.043	0.174	-0.009	-0.126	-0.191	-0.360
W	0.059	0.000	0.000	-0.000	-0.280	-0.196	-0.013	-0.084	-0.048	0.108
Y	-0.392	0.000	0.000	0.000	0.301	-0.043	-0.005	-0.070	-0.357	0.202
Intercept	3.73396
