A	0.23	-0.04	0.13	-0.01	0.31	0.22	0.16	0.47	0.09
C	0.02	-0.25	0.11	-0.07	-0.31	-0.04	-0.27	-0.10	0.16
D	-0.22	0.01	0.01	0.23	0.09	0.16	-0.10	-0.04	0.65
E	-0.15	-0.03	-0.04	0.08	0.45	0.46	0.14	-0.07	0.43
F	0.10	-0.07	-0.10	0.07	0.19	0.02	0.38	-0.05	0.26
G	-0.10	-0.48	-0.05	-0.27	0.09	0.01	-0.10	0.09	-0.82
H	-0.06	-0.15	0.16	-0.36	-0.13	-0.26	-0.22	-0.52	-0.29
I	0.12	0.27	0.50	-0.12	0.28	0.21	0.19	0.44	0.50
K	0.15	-0.60	-0.08	-0.62	-0.35	-0.50	-0.65	-0.36	-0.43
L	0.01	0.14	0.13	0.14	0.52	0.07	0.06	-0.16	0.13
M	-0.05	0.34	0.00	0.53	0.26	0.27	0.18	0.46	-0.01
N	-0.48	-0.29	-0.14	0.16	-0.34	0.03	0.13	-0.71	-0.20
P	-0.34	-0.16	-0.54	-0.02	-0.28	-0.03	0.18	-0.35	-0.45
Q	0.03	-0.01	-0.38	-0.44	-0.56	-0.26	-0.35	0.36	-0.01
R	0.17	-0.24	-0.03	0.20	-0.40	-0.31	0.12	-0.26	-0.36
S	0.18	0.06	0.28	-0.19	-0.07	-0.02	-0.11	0.07	0.56
T	0.38	0.56	-0.10	-0.11	-0.05	0.20	-0.52	0.31	-0.17
V	-0.13	0.58	0.22	0.09	0.15	0.25	0.33	0.15	0.15
W	0.12	0.29	0.15	0.16	0.22	-0.52	0.24	0.13	-0.14
Y	0.03	0.08	-0.24	0.52	-0.08	0.04	0.19	0.16	-0.05
geomean_IC50	100	(dummy ic50)
