A	0.0275877038764	-0.0891363939046	-0.0181691635641	-0.256817472673	0.327045461538	-0.0365892252772	-1.76854143282	-0.0508102713709	0.0920005442484
R	0.182723119392	0.288701070587	0.235483776881	-0.74807930875	-0.328788203043	-0.352452958531	-1.76854143282	-0.28660254725	0.0396455302444
N	0.0249058160634	-0.0169466104092	-0.255837521323	-0.303912440473	-0.0170843312753	-0.219208091029	0.0475215925056	-0.0709316326051	-0.0531554411759
D	-0.328905782093	-0.495236835791	0.0556566657955	0.436830417256	0.23571182367	0.50822271321	1.04876086726	-0.241029118632	-1.95834178506
C	-0.0169400083071	0.0485732687382	-0.27810293267	-0.410525593233	0.551605982618	-0.23742251034	0.230383174884	0.0164164704053	0.489299638674
E	-0.268579260746	0.164285572826	-0.25808680887	-0.457855903758	-0.0079996582632	0.357479774872	0.778518319833	0.18651312505	0.246798523991
Q	0.0314455792905	0.100334180247	0.12939672048	-0.27954541834	-0.036319254804	-0.210843535608	-0.246363727938	0.0313703397457	0.20719291264
G	-0.301127078472	-0.294510439667	0.00521660144537	0.0733944545237	-0.08743021201	-0.179307201969	-0.566762665931	-0.0289736807339	-0.635900174301
H	0.218892668916	-0.649815413873	-0.210215704171	-0.239269197328	-0.0271066020799	-0.260659025786	-0.0157085006239	-0.0790330877458	-0.0945713633108
I	0.490845522421	-0.344125561647	0.361536193708	0.251781916967	0.00597078695357	0.307642267923	0.661176125751	0.80966085724	0.556077421816
L	0.131530639351	0.197692024694	0.58340005166	-0.208409491673	0.362399144618	0.466529895232	0.369812206097	0.286063442668	0.398773019709
K	0.104152324857	-0.701020645165	-0.190877874606	-0.516896437065	-0.544807408714	-0.488313506859	-0.262225562533	-1.94630410681	-0.0361243361014
M	-0.0769400227334	0.0573411863414	-0.00184806596036	0.482331942281	0.188889348288	-0.0560487164743	0.168501666904	0.295665237286	-0.0355661167967
F	0.0373261050805	0.208030824109	-0.102084903976	0.612496146958	0.719093634213	0.63687883371	0.366129121265	0.192388983661	0.539152634702
P	-0.498148904741	0.102585297621	-0.585550644848	-0.635015336387	-2.02887752347	-0.228628845845	0.09053872997	0.254740434787	0.469688447364
S	0.0378717952436	0.27678895593	0.104294953254	-0.138847732232	-0.00822224744617	-0.248573667694	-0.119185633706	-0.125417901746	0.128935730984
T	-0.263985270841	0.138285807787	0.24234713467	0.0437646022439	-0.266416778527	-0.0839274505152	-0.109146686967	-0.166676587816	-1.95834178506
W	-0.100152120771	0.343313928881	0.320663227106	1.11571700782	0.768062186396	-0.120046902268	0.289753947223	0.290146467097	0.231598072486
Y	0.379993907379	0.274463874121	0.141705785172	0.786564902924	0.245280326181	0.247101313462	0.464673093709	0.454038875045	0.749740854448
V	0.187503266835	0.390395908574	-0.278927490183	0.392292940942	-0.0510064748422	0.198166839786	0.340706797934	0.178774701723	0.62309767049
geomean	377.04412012
