A	0.69	0.06	-0.37	0.06	-0.35	0.29	-0.15	0.27	0.13
C	-0.07	-0.18	-0.61	-0.09	-0.72	-0.44	-0.09	-0.13	-0.06
D	-0.29	-0.52	-0.47	0.29	-0.11	-0.39	-0.15	-0.68	-0.22
E	-0.35	-0.11	-0.09	0.62	0.20	0.06	0.19	-0.01	0.04
F	0.13	0.35	0.02	0.49	0.17	0.79	0.79	0.47	0.54
G	-0.29	-0.13	-0.07	-0.17	-0.30	-0.05	-0.73	0.02	-0.52
H	0.03	-0.22	-0.21	0.10	0.42	0.16	-0.20	-0.18	-0.32
I	0.29	-0.17	0.37	0.18	0.11	0.02	0.30	0.31	-0.07
K	0.58	0.23	0.40	0.21	-0.16	-0.21	-0.29	0.24	-0.01
L	0.21	0.22	0.35	0.25	0.36	0.26	0.67	0.32	0.62
M	-0.09	-0.28	-0.42	-0.18	-0.09	-0.10	-0.43	-0.14	-0.23
N	-0.31	-0.42	-0.22	-0.45	0.14	-0.35	0.02	-0.09	-0.58
P	-0.29	0.00	-0.51	-0.44	-0.36	-0.29	-0.04	-0.02	-0.10
Q	-0.27	0.00	0.02	-0.88	-0.05	-0.70	-0.19	0.29	0.13
R	0.69	0.44	0.22	-0.09	-0.18	-0.45	-0.18	0.07	0.18
S	-0.40	0.01	0.15	-0.16	-0.06	-0.04	0.10	-0.48	0.30
T	-0.07	0.01	0.04	0.44	0.54	0.38	-0.17	0.03	0.15
V	0.02	0.28	0.32	-0.14	0.26	0.22	0.23	-0.10	0.18
W	-0.21	0.29	0.62	0.06	0.08	0.01	0.19	-0.23	-0.05
Y	0.00	0.14	0.44	-0.10	0.10	0.82	0.14	0.06	-0.11
geomean_IC50	100	(dummy ic50)
