A	0.074858872401	0.0238497215432	0.293091343382	0.188934345584	-0.0265632622799	0.0291091867293	0.187832657283	0.22949798527	0.0381823232022
R	0.132218669998	0.441037759531	0.39990189863	0.0522846747065	0.0035925695545	0.0408593074683	0.0387955705162	0.190567797045	0.0430739694326
N	-0.710546644962	-0.39213282655	-0.0552427498817	-0.0722168824636	-0.184269083008	0.176446599721	0.134925889902	-0.595100818382	-0.0820383250036
D	-0.717060400102	-0.533557545294	-0.493924451467	-0.182484347759	-0.573804431844	-0.578668423677	0.0995154278827	-0.24417217548	0.217255278794
C	0.14471484803	0.0253186521824	-0.155968436122	-0.118243250628	-0.42959778748	-0.595400640512	-0.234162837977	0.144948263932	0.185453134395
E	-0.362229628961	-0.14477319483	-0.267702174679	-0.26755816127	-0.166787007243	-0.264737334149	-0.249809175137	-0.436212982272	0.0237792908049
Q	0.252321720833	-0.140878000084	-0.0151793165051	0.0322938209601	0.572496749388	0.0257055637861	0.224380468734	0.389508253169	0.34214793022
G	-0.107834982898	-0.954407773515	-0.214456084678	-0.708394688401	-0.0893270389612	-0.0218082983744	-0.225343917123	-0.133200583327	-0.882686132517
H	0.34182302167	0.37081805299	0.0350615901188	-0.218284195191	0.195252064398	0.477866982033	0.0284520003371	0.188339745947	0.126938137756
I	0.929205452464	0.327358618736	0.510853100418	-0.244326027443	0.190440872308	0.239151190529	0.176405499247	0.416150797168	0.280769507915
L	0.0782934671379	0.352348730225	0.193952075956	0.475030194588	0.0346289739	-0.0257562838965	-0.105948501795	-0.00433777534068	0.139594884141
K	0.0804326884147	0.40448990643	0.674272319651	0.315102055901	0.167215574632	-0.0587877390946	-0.226334369022	-0.122529585947	0.0147909263099
M	0.014506318479	0.0779816535528	0.130241862507	0.738013010726	0.243713965334	0.401578029067	0.0316224921533	-0.0767512126248	-0.285583066425
F	0.114368301297	0.0550801386263	-0.064370459475	0.00587213280781	0.197027203799	0.163766288377	0.808999865635	-0.0645852046003	-0.0223147205121
P	0.0817401315997	-0.0156002023711	-0.46546930576	-0.45671305376	-0.104987843489	0.149801728664	0.12693244039	0.0647959409021	0.102640628341
S	-0.279043255675	-0.105087698317	0.24430424291	-0.148436200124	-0.204231982828	-0.110755015547	-0.270789842675	-0.110734681183	0.26905370373
T	0.114072211121	0.336918674873	-0.310805565803	0.35052976056	-0.0134479057113	0.16568310083	-0.289471095194	0.0560254499606	0.0239394485048
W	-0.029005543148	-0.336664439971	-0.34788733785	0.118347042336	0.00457748715831	-0.271374658947	0.0784252707655	0.151128227975	-0.273984846782
Y	-0.218247299877	-0.269133847441	-0.423123362725	0.199100582518	-0.0588301284196	-0.0793340203089	-0.061849658049	0.0324901592323	-0.236617613911
V	0.0654120521788	0.477033619684	0.332450811375	-0.0588508136472	0.242901010792	0.136654437302	-0.272578185875	-0.0758276014439	-0.0243944583952
geomean	83.3865898501
