A	0.0574905604819	0.17810039315	0.145897433893	0.217780721725	0.654641859486	0.129042363592	0.116035422193	0.254924305464	0.168972479612
R	0.0439204708745	0.00893530220461	0.265973389738	-0.640420840897	-0.337731002188	0.21622652567	0.105867389408	0.383091395494	0.252625988672
N	0.137022361039	0.272409615519	0.106763835135	0.118949701905	-0.243097604599	0.0608777646782	-0.18838846095	-0.169008594009	-0.138838914738
D	-0.0462118838725	-0.042325472955	-0.633916285375	-0.232337451435	-0.546783594738	-0.612677893425	-0.581985613557	-1.38491806522	-0.139972739573
C	0.348076708577	0.146298849129	-0.206304369838	-0.0707858945435	-0.295593521018	-0.236132080268	-0.188911659546	0.155682240037	0.0782154113046
E	0.30555048943	-0.154080056016	-0.15344845883	-0.358132479671	-0.514155482734	-0.0488877661424	0.153665385705	0.242492696569	0.00398466125023
Q	0.0492432930342	-0.295706603927	0.409935596749	0.0180481399319	-0.490020295381	0.0253539924185	-0.157140721432	0.257218577946	-0.0352986447452
G	-0.0603813985495	-0.168472252789	0.547837724463	0.203938040479	-0.101628424269	-0.176173404836	-0.545421016518	-0.14210826036	-0.459339850388
H	0.117526873015	-0.296109820982	0.210976707569	0.0735108810195	-0.316734067067	-0.104017272179	-0.276882269908	-0.192499888425	-0.792341433697
I	0.261898687671	0.146483968502	0.250438350553	0.17072292781	0.849830744956	0.159817433093	0.552596752146	0.0994061615871	0.0422624892436
L	0.0625511720655	0.255984986747	0.0523806944508	0.207706215878	0.273844341939	0.331117433749	0.558754977171	0.40744053817	0.250340013611
K	0.00701635524483	-0.385067078629	-0.0294564671303	-0.40037614431	-0.319853010696	-0.0661839373654	-0.554569993056	-0.375702944113	-0.123032663132
M	-0.192725533858	0.396372109606	-0.086195927511	0.46640149625	0.51799410957	0.512849956613	0.490010239085	0.0695761808728	0.200733134731
F	-0.15771471585	0.185005636656	-0.202422268807	0.140069725188	0.00803667759703	-0.133080853191	-0.0548298055864	-0.00164952809934	-0.0127611507899
P	-0.577479722369	-0.642098141237	-0.768683984363	-0.339210479329	-0.681232688344	-0.440960021831	-0.155702748846	-0.361093155512	-0.0697148308181
S	-0.17378739006	0.16278472415	0.367394820492	-0.310429967395	0.543763833139	0.316871286295	-0.143564346466	0.00775993465298	0.0667440565472
T	-0.140238439825	-0.12887338248	0.142071975918	0.204642935353	0.444367686663	0.368104635247	-0.214809821592	-0.0944147091923	-0.199171264109
W	-0.33608746474	-0.147353354854	-0.0981005849447	0.161230485687	-0.0507679722096	-0.610411459701	0.27937651146	-0.0711629944014	0.551922652526
Y	-0.0631445743739	0.249730915291	0.0470582866347	0.408209923384	0.0236035732605	-0.0966426252158	0.129949056818	0.166220086294	0.131744358147
V	0.357474152065	0.257979662912	-0.368200468796	-0.0395179370295	0.581514836632	0.404905922798	0.675950723475	0.748746022244	0.222926246346
geomean	186.722448722
