A	0.30	0.25	-0.35	0.41	0.92	0.14	0.69	0.41	0.55
C	0.13	-0.06	-0.05	0.22	-0.42	-0.43	-0.12	-0.28	0.19
D	-0.14	-1.80	-0.59	0.25	-0.81	-0.87	-0.44	-1.30	-0.16
E	-0.02	-0.34	0.01	-0.27	-0.30	-0.10	-0.56	-0.41	-0.01
F	0.28	0.37	-0.04	0.23	-0.05	0.35	0.10	0.03	0.21
G	0.32	-0.02	0.33	0.65	0.60	0.24	-0.13	0.69	-0.79
H	0.21	0.01	0.58	-0.11	-0.06	0.24	-0.12	0.11	0.04
I	0.60	0.07	0.36	-0.38	0.18	0.77	0.22	0.53	0.01
K	-1.93	-0.43	0.24	-0.35	-0.25	-0.21	-0.26	-0.30	-0.31
L	0.32	0.16	0.04	-0.23	0.42	0.02	0.04	0.77	-0.12
M	-0.07	0.42	-1.91	0.48	0.38	0.24	0.14	-0.01	-0.32
N	-0.23	0.17	0.34	-0.16	0.39	-0.21	-0.14	-0.58	-0.31
P	-0.02	0.60	-0.10	-0.38	-0.26	0.01	0.30	-0.07	-0.42
Q	0.03	-0.06	0.09	-0.70	-0.50	-0.20	-0.39	-0.04	-0.28
R	0.26	0.14	0.13	-0.57	-0.30	0.05	-0.23	-0.05	0.01
S	0.04	0.41	0.39	-0.08	0.34	-0.05	0.11	0.11	0.38
T	-0.02	-1.80	0.13	0.13	-0.01	-0.20	0.14	-0.08	0.78
V	-0.13	0.60	0.40	0.04	0.09	0.73	0.57	-0.14	0.65
W	-0.09	0.85	0.00	0.54	-0.18	-0.40	-0.05	0.32	-0.11
Y	0.15	0.45	-0.01	0.27	-0.19	-0.11	0.12	0.29	0.03
geomean_IC50	100	(dummy ic50)
