A	0.14	0.11	0.08	0.19	0.35	0.29	0.51	0.50	0.26
C	-0.13	-0.03	-0.37	-0.33	-0.57	-0.85	0.28	-0.31	0.23
D	-0.52	-0.17	-0.62	-0.35	-0.69	-0.85	-0.37	-1.08	0.00
E	-0.34	-0.26	-0.36	-0.54	-0.49	-0.57	-0.35	-0.32	-0.12
F	0.52	0.49	0.05	0.46	0.10	0.02	0.28	-1.69	0.38
G	-0.14	-0.56	-0.32	-0.29	-0.19	0.23	-0.30	-0.11	-1.07
H	0.12	-0.09	0.33	0.38	0.32	0.41	-0.04	0.30	-0.10
I	0.44	-0.12	0.33	0.14	-0.09	0.26	0.18	0.54	0.66
K	0.35	-0.30	0.22	-0.04	0.32	-0.09	-0.14	0.19	0.10
L	0.22	0.17	0.27	0.12	-0.01	-0.25	-0.13	0.34	0.67
M	-0.30	0.10	-0.12	-0.02	-0.14	0.43	-0.39	-0.04	-0.43
N	-0.54	-0.38	0.11	-0.17	0.11	0.03	-0.15	-0.08	-0.23
P	-0.21	-0.11	-0.59	-0.47	-0.04	0.15	-0.15	0.06	-0.33
Q	-0.05	-0.31	-0.15	-0.43	-0.05	-0.32	-0.18	0.09	-0.31
R	0.17	0.39	0.36	0.19	0.29	0.42	0.35	0.45	0.09
S	-0.32	0.07	0.28	0.20	0.14	0.43	0.23	0.55	0.12
T	-0.09	0.13	0.04	0.33	0.46	0.24	-0.16	0.04	-0.18
V	-0.11	0.11	0.02	0.42	0.21	0.40	0.06	0.29	0.19
W	0.38	0.55	0.33	0.31	-0.15	-0.69	0.24	0.05	0.04
Y	0.41	0.22	0.11	-0.10	0.12	0.33	0.21	0.25	0.03
geomean_IC50	265.9
