A	-0.0343554475712	-0.111302970209	-0.332108466275	-0.155892998996	0.382106308744	0.437824863732	0.290662212128	0.668085714602	0.0378645030767
R	-0.105819039721	0.057195280564	0.186657832521	0.0426481972595	-0.169223056531	-0.316793996266	-0.0121476391311	0.352835304937	-0.206512923146
N	-0.431415208543	-0.585099591313	0.190550022999	0.0923541003088	-0.151426075559	0.680554092709	0.00596344817225	-0.261191359277	-0.282977558972
D	-0.143747921169	-0.189475866249	-0.214690195946	0.899844988799	0.476954625219	0.384042270839	0.167578383193	-0.578394521181	0.690802198743
C	0.352187418638	-0.141386830989	-0.289044490938	-0.401172956431	-0.221056978427	-0.552504683954	-0.653823343705	-0.0407719572651	-0.0928809955284
E	-0.367809019928	-0.100249339544	-0.177114998531	0.00630041762041	0.133425455219	-0.0836756910063	-0.373910821011	-0.362319945773	-0.2569362837
Q	-0.0570634317146	-0.135352701425	-0.301139844336	-0.300415636832	0.0450423967233	-0.211383286435	-0.225631725846	0.404614404738	-0.238775556994
G	-0.259210664402	-0.809355501813	-0.404597147313	-0.550549550008	-0.208818858669	0.0600232158807	-0.171250092804	-0.0560244072721	-0.581650620384
H	-0.210064759155	0.164979782666	0.269324997109	-0.410672922735	-0.189435449575	0.318769559378	0.144544413809	-0.0347183575853	-0.109833099452
I	0.43699540468	0.113048484762	0.531927303283	-0.226654632216	-0.262634498303	0.377834971716	0.0880705111788	-0.014763580666	0.94781188298
L	0.00429797013698	0.187956381323	0.438329444329	0.156749673475	-0.180160733999	-0.194041084067	-0.0625571218341	-0.0587942702222	-0.0539017912672
K	0.180748918308	-0.195954221883	0.290395888493	-0.322932362037	-0.0341313461354	-0.197512923426	-0.23804772436	-0.126406133905	-0.129047584401
M	0.180330180772	0.55445742885	-0.262428996062	1.21963879831	-0.138694476596	0.0875402683258	0.00539023897171	0.00915114427129	-0.0878734630263
F	0.263265026578	0.333641466085	-0.165127828782	0.0941026168475	0.0939410376052	-0.197645203114	0.850065641416	0.140547595344	0.525272083484
P	-0.396287817262	-0.268541104328	-0.433578569476	-0.314294864016	-0.0776270860119	0.0741938008367	0.224645509574	0.264861745686	-0.114189779756
S	-0.217206126977	0.146292099818	0.282166294836	-0.188962961077	-0.266875271702	-0.249714814043	-0.381692785058	0.0655341338293	-0.0840056300732
T	0.0540209421372	0.287573886401	0.324544364669	0.0379553096465	0.0906515270721	0.294835817087	-0.123141016745	-0.357710287738	-0.320725472917
W	0.405000340139	0.556245309947	0.288159674859	0.206184869868	0.182486672767	-0.680975967126	0.157596176649	-0.160198054508	-0.0513601413152
Y	0.584264187353	0.0134548279159	-0.0881985665846	0.352429761775	0.120567297765	-0.0913733707109	0.327867885664	0.268328222513	0.265838267106
V	-0.238130952301	0.121873179421	-0.134026718856	-0.236659849567	0.374908510393	0.0600021596437	-0.0201821502614	-0.122665390527	0.143081965543
geomean	316.167765845
