A	0.04	0.04	0.05	0.05	0.23	-0.26	0.37	-0.02	0.25
C	-0.34	0.31	-0.43	-0.50	-0.58	-0.85	-0.13	-0.21	0.36
D	-0.45	-0.13	-0.27	-0.04	-0.25	-0.53	0.22	-1.01	0.34
E	-0.41	-0.16	-0.42	0.11	0.28	-0.10	-0.11	-0.11	-0.25
F	0.88	0.91	0.18	0.61	0.08	0.73	0.31	-0.07	-0.18
G	-0.29	-0.69	0.10	0.06	-0.24	-0.49	-0.75	-0.29	-0.59
H	0.42	-0.31	0.70	-0.18	-0.11	-0.30	-0.28	-0.09	-0.07
I	0.82	-0.04	0.19	-0.26	0.03	1.03	1.10	0.57	0.25
K	-0.05	-0.29	-0.27	-0.05	-0.02	-0.28	-0.37	-0.16	-0.17
L	0.04	0.39	0.51	0.11	0.38	0.69	0.58	0.45	0.99
M	-0.29	-0.01	-0.29	-0.28	-0.01	0.20	-0.21	0.16	-0.47
N	-0.61	-0.54	-0.16	-0.39	0.04	-0.29	0.06	-0.18	-0.10
P	-0.06	-0.20	-0.51	-0.43	-0.03	-0.27	-0.34	-0.09	-0.44
Q	0.15	-0.34	-0.08	-0.48	-0.19	-0.13	-0.21	0.37	-0.19
R	-0.03	0.35	0.03	-0.01	-0.14	0.34	0.08	0.13	0.37
S	-0.29	-0.06	0.45	0.00	-0.18	-0.29	-0.07	0.21	-0.29
T	-0.06	0.10	-0.17	0.41	0.64	0.04	-0.15	-0.19	0.09
V	-0.10	0.36	0.25	0.69	0.12	0.40	0.25	0.07	0.55
W	0.40	0.22	0.30	0.45	0.06	-0.02	-0.15	-0.02	-0.12
Y	0.24	0.10	-0.18	0.14	-0.13	0.39	-0.20	0.50	-0.33
geomean_IC50	336.1
