A	0.27	0.16	0.18	0.09	0.49	0.04	0.46	0.56	0.10
C	0.16	-0.01	-0.30	0.05	-0.23	-0.72	0.15	-0.12	0.17
D	-0.13	-0.23	0.23	0.58	0.02	0.29	0.25	-0.58	0.18
E	0.00	0.08	-0.18	0.02	0.48	0.14	0.14	0.17	-0.12
F	0.00	0.42	-0.24	0.15	0.04	0.09	0.35	0.39	0.02
G	0.20	-0.33	0.34	-0.03	-0.04	0.03	-0.16	0.10	-0.78
H	0.03	-0.13	-0.01	-0.34	-0.03	-0.14	-0.42	-0.53	-0.07
I	0.24	-0.19	0.31	-0.07	-0.15	0.35	0.01	0.42	0.13
K	0.13	-0.72	-0.08	-0.50	-0.26	-0.19	-0.64	-0.39	-0.21
L	-0.19	0.31	0.05	0.08	0.19	-0.11	-0.09	0.20	0.05
M	-0.05	0.07	-0.23	0.08	-0.09	0.14	-0.13	-0.38	-0.35
N	-0.14	-0.25	0.11	0.00	0.00	-0.09	0.00	-0.30	-0.05
P	-0.12	0.08	-0.20	-0.19	0.25	-0.26	-0.01	-0.13	-0.18
Q	0.06	-0.13	-0.09	-0.38	0.08	-0.22	-0.14	-0.13	-0.05
R	0.01	-0.14	0.19	-0.25	-0.53	-0.19	-0.24	-0.16	0.12
S	-0.12	0.20	0.27	-0.04	-0.13	0.11	0.15	0.15	0.08
T	0.02	0.04	-0.04	0.32	0.02	0.19	0.01	0.01	0.31
V	-0.24	0.34	-0.28	0.11	-0.03	0.41	0.02	0.25	0.52
W	-0.04	0.23	0.11	0.23	-0.03	-0.33	0.20	0.15	0.06
Y	-0.07	0.17	-0.14	0.12	-0.05	0.46	0.12	0.32	0.07
geomean_IC50	799
