A	0.44	-0.37	0.42	-0.09	-0.17	0.19	-0.12	0.26	-0.12
C	0.13	-0.21	-0.01	0.02	-0.30	0.15	0.04	0.10	0.14
D	-0.50	-0.52	-0.34	0.04	-0.19	0.09	0.00	-0.44	0.20
E	0.10	-0.12	0.00	0.04	-0.03	0.16	0.08	-0.21	0.05
F	0.57	0.19	0.30	0.58	0.48	0.04	0.40	0.13	0.33
G	-0.12	-0.52	0.18	-0.07	0.28	0.04	-0.04	-0.13	-0.84
H	-0.33	-0.07	-0.02	0.07	0.20	-0.09	-0.08	-0.35	-0.54
I	0.23	0.11	0.68	0.01	0.50	0.26	0.22	0.71	0.18
K	0.01	-0.20	-0.22	-0.58	-0.38	-0.10	-0.37	-0.40	-0.18
L	-0.19	0.22	-0.02	0.54	0.12	0.41	0.38	0.10	0.34
M	-0.22	0.21	-0.31	0.36	0.30	0.12	-0.06	-0.02	-0.16
N	-0.46	0.11	-0.05	-0.02	-0.29	-0.20	-0.19	-0.25	0.11
P	-0.01	-0.18	-0.44	-0.95	-0.08	-0.19	-0.17	-0.22	-0.28
Q	-0.10	-0.41	-0.19	0.20	-0.29	-0.45	-0.24	-0.05	-0.20
R	0.28	-0.27	-0.10	-0.39	-0.24	-0.47	-0.21	-0.23	-0.26
S	-0.19	-0.08	-0.08	-0.07	-0.36	0.43	-0.24	-0.04	-0.05
T	-0.09	-0.10	0.18	0.43	0.06	-0.16	-0.07	-0.03	-0.02
V	0.11	1.21	0.03	-0.35	0.33	-0.19	0.62	0.32	0.71
W	0.28	0.13	-0.18	-0.08	0.14	-0.10	0.18	0.72	0.08
Y	0.04	0.89	0.15	0.32	-0.08	0.06	-0.09	0.03	0.52
geomean_IC50	100	(dummy)
