A	0.10	0.20	0.06	0.00	0.49	0.26	0.10	0.21	0.09
C	-0.20	-0.24	-0.17	-0.41	-0.78	-0.63	-0.01	0.14	-0.15
D	-0.26	-0.15	-0.47	0.20	-0.38	-0.51	0.02	-1.44	-0.12
E	-0.32	-0.11	-0.24	0.27	0.29	0.10	0.19	-0.06	0.06
F	0.27	0.65	0.31	0.51	0.01	0.82	0.95	0.65	0.28
G	-0.17	-0.81	-0.23	-0.44	-0.08	-0.21	-0.69	-0.33	-0.96
H	0.65	-0.22	-0.26	0.07	0.01	-0.23	-0.43	-0.16	-0.52
I	0.25	0.08	0.32	-0.10	-0.01	0.23	0.26	0.56	0.98
K	0.46	-0.20	-0.18	-0.47	-0.14	-0.07	-0.25	0.30	0.22
L	-0.05	0.19	0.22	0.20	0.05	-0.01	0.23	0.87	0.47
M	-0.12	0.04	-0.02	0.06	-0.26	-0.06	-0.52	-0.21	-0.31
N	-0.29	-0.59	-0.26	-0.12	-0.04	-0.24	-0.40	-0.56	-0.18
P	-0.28	-0.07	-0.68	-0.57	-0.52	-0.26	-0.22	-0.49	-0.42
Q	0.00	-0.34	-0.34	-0.39	0.08	-0.31	-0.29	0.13	0.06
R	0.16	0.36	0.12	-0.40	0.32	-0.12	0.22	0.09	-0.04
S	0.00	-0.01	0.58	-0.07	0.17	0.09	0.08	-0.19	0.09
T	-0.08	0.25	-0.01	0.50	0.35	0.37	-0.28	0.06	0.31
V	-0.09	0.46	0.32	0.24	0.09	0.11	-0.01	-0.02	0.35
W	-0.08	0.43	0.52	0.35	0.03	0.01	0.53	0.24	-0.22
Y	0.04	0.06	0.41	0.56	0.34	0.68	0.50	0.21	0.00
geomean_IC50	100	(dummy ic50)
