A	0.17	0.00	0.12	0.08	0.07	0.48	0.44	0.66	0.35
C	-0.11	-0.16	-0.22	-0.14	-0.23	-0.23	-0.32	-0.20	-0.27
D	-0.44	-0.42	-0.75	-0.60	-0.45	-0.49	-0.79	-1.27	-0.68
E	-0.26	-0.36	-0.33	-0.27	-0.02	-0.10	-0.37	-0.85	0.10
F	0.58	0.43	-0.28	0.32	0.40	-0.08	0.17	-0.05	0.10
G	-0.15	-0.59	-0.13	-0.05	-0.03	0.26	0.07	-0.02	-0.68
H	0.07	0.08	0.46	0.03	0.03	0.03	0.07	0.15	-0.06
I	0.31	0.09	0.41	-0.11	0.14	0.29	0.11	0.11	0.51
K	0.11	-0.14	0.10	-0.24	-0.13	-0.20	-0.15	0.08	-0.04
L	0.19	0.42	0.25	0.56	0.17	-0.10	0.08	0.15	0.67
M	-0.17	0.12	-0.03	0.32	0.19	0.20	-0.16	-0.11	-0.13
N	-0.08	-0.23	0.01	0.20	-0.12	0.01	0.17	-0.16	-0.21
P	-0.34	-0.29	-0.66	-0.28	0.00	0.60	0.15	0.18	-0.15
Q	0.00	-0.24	0.03	-0.09	-0.01	-0.16	-0.20	0.15	-0.07
R	0.02	0.02	0.33	0.26	-0.23	-0.02	-0.05	0.26	0.13
S	0.03	-0.08	0.19	-0.25	-0.09	0.05	0.12	0.19	0.13
T	-0.09	0.06	0.16	-0.22	0.12	0.29	0.22	0.09	0.12
V	-0.02	0.26	0.30	0.21	0.20	0.09	0.09	0.20	0.51
W	-0.13	0.61	0.01	0.00	-0.12	-0.69	0.24	0.14	-0.16
Y	0.31	0.42	0.02	0.29	0.10	-0.23	0.11	0.29	-0.18
geomean_IC50	91
