A	-0.14	0.26	0.22	0.16	0.13	0.46	0.44	0.39	-0.03
C	0.10	-0.02	-0.45	-0.28	-0.49	-0.91	-0.17	-0.13	-0.32
D	-0.10	-0.24	0.10	0.14	0.04	-0.12	-0.16	-0.89	-0.15
E	-0.47	-0.20	0.22	-0.17	0.39	0.09	0.19	-0.11	0.36
F	0.35	0.57	0.10	0.41	0.18	0.54	0.50	0.20	0.08
G	-0.23	-0.69	-0.12	-0.23	-0.62	-0.23	0.00	-0.26	-0.74
H	0.28	-0.12	-0.30	-0.27	-0.04	0.12	-0.58	-0.56	-0.23
I	0.51	0.10	0.27	0.05	-0.10	0.20	0.27	0.42	0.79
K	0.24	-0.12	0.33	0.12	-0.36	-0.45	-0.31	-0.38	-0.35
L	0.28	0.33	-0.06	0.22	0.10	0.25	0.30	0.36	0.90
M	-0.52	0.03	-0.41	0.03	0.00	-0.20	-0.43	0.01	-0.15
N	-0.32	-0.55	-0.19	-0.09	0.13	0.11	0.31	-0.56	0.28
P	-0.08	-0.26	-0.65	-0.32	-0.48	-0.29	-0.14	0.15	-0.52
Q	0.10	-0.25	-0.24	-0.28	-0.12	-0.33	0.28	0.12	0.04
R	0.31	0.15	0.18	-0.45	-0.15	-0.01	-0.43	0.25	-0.08
S	-0.29	0.07	0.49	-0.31	0.26	-0.18	-0.28	0.04	-0.15
T	0.05	0.09	-0.37	0.34	0.07	0.36	-0.02	-0.04	-0.14
V	-0.08	0.42	0.55	0.14	0.22	0.21	-0.14	0.33	0.53
W	-0.09	0.13	0.41	0.45	0.48	-0.47	0.38	0.30	-0.32
Y	0.11	0.28	-0.08	0.36	0.34	0.85	-0.01	0.35	0.20
geomean_IC50	100	(dummy ic50)
