A	0.206019290279	0.0191017395781	0.0264648980851	-0.0551840633631	0.190936149383	0.150660396432	-0.0419627927491	-0.220101140355	-0.125708495808
R	0.357062113714	0.370803623735	0.300376173272	-0.205439286745	0.0215615787469	-0.297008153025	0.0772706085855	-0.210320332049	-0.183508169231
N	-0.494028293719	-0.41018930659	-0.168514915722	0.0248384710184	-0.0395009244651	-0.250762929446	-0.142807763735	0.326981202211	0.235483250712
D	-0.489441280261	-0.359974935726	-0.582880702803	-0.0641124139421	-0.501427274471	-0.41694196608	-0.097273561317	-1.13019313806	-0.37692747376
C	-0.0164832151652	-0.0277840464535	-0.437899624562	-0.471998333199	-0.488022761168	-0.269937055078	-0.196844392046	-0.199024071723	-0.351541090584
E	-0.292731729197	-0.31787274549	-0.415388997781	0.00211608420349	0.0131373280347	0.0693589499468	0.00208412656661	0.474055699695	-0.332640292134
Q	0.0939822442501	-0.357129979108	-0.0481899651396	-0.155300420978	-0.0632138300491	-0.429735504426	-0.176322350426	-0.101914769657	-0.0395697194771
G	-0.190697633086	-0.478278958113	-0.111845541431	0.0985105656935	-0.130260349025	0.101528304192	-0.495238698578	-0.203047712244	-0.513825663079
H	0.0899169266003	-0.246214139092	0.280577904155	0.0184566997387	-0.0966697781007	0.238424116371	-0.289349974534	0.0471276891416	-0.303286320489
I	0.25582767393	0.119071013995	0.318445263043	0.132948607315	0.0329712010224	0.122234284565	-0.0571069377305	-0.0326349733719	0.380837705452
L	0.301271843489	0.35167905638	0.272382010036	0.140731560219	0.115480485385	0.198305630942	0.443813781641	0.544270233909	0.601695261624
K	0.186698926303	-0.232992578866	-0.13822457946	-0.54127817151	-0.114715080448	-0.395599204299	-0.200831516864	-0.229412552907	-0.146928508196
M	-0.166182902229	0.293348140463	-0.0640797400187	0.189713758689	0.199901142888	0.0457590623522	0.239654203406	0.15829587965	-0.175021901028
F	0.241969490875	0.578803008828	0.159279729117	0.378072178458	0.0751758502182	0.830114669928	0.706682723789	0.0811967067198	0.281590495842
P	-0.0140671440628	-0.372823827448	-0.762919077509	-0.694619080041	-0.600813437182	-0.394848070337	-0.0954256765834	-0.265527401589	-0.2541660395
S	-0.229241793183	0.194217376127	0.347024548565	-0.0298368595473	0.164452522408	0.231528732999	0.0604243670845	-0.115838520471	-0.0206288249444
T	0.0293595346274	0.176820570953	0.0196617483652	0.290875455086	0.400775738446	0.3619064543	0.125023820874	-0.324320397482	0.058051668393
W	-0.0639053526265	0.035111935294	0.423922167807	0.414617750958	0.175074401993	-0.317864885755	-0.0761277766019	0.449502781466	0.48615808191
Y	0.0920493581577	0.244219308675	0.374456528965	0.283300926341	0.293252738751	0.366962120634	-0.00329604738374	0.299146810406	0.428774035783
V	0.102621941304	0.420084742858	0.207352173019	0.243586571605	0.351904297633	0.055915045783	0.217633856602	0.651758006715	0.351161998516
geomean	214.258606668
