A	0.0293873311438	-0.217553991743	0.160731017198	0.452648035947	0.0811949869385	0.138699798709	0.59150961495	0.641351676016	0.473872694728
R	0.399815515073	0.44327209031	0.223656739663	0.783495002383	0.532667617255	0.365671446733	0.100142170748	0.316315217204	0.192923160621
N	-0.617366310401	-0.684821472025	0.142061025915	-0.398410770491	2.00946322946	0.406006139653	0.268440760928	-0.581930006269	-0.376502762183
D	-0.403618134771	-0.432997614565	-0.300671679636	-0.735464644794	-1.46734787097	-0.453706268529	-0.348184294888	-0.899464157021	-0.172733393735
C	-0.0118885575057	0.467268827642	-0.309882403213	-0.235188561812	-1.30093997669	-0.618727588329	0.0664144697818	0.152043945637	0.26171144835
E	-0.496647813503	-0.106007076306	-0.439695483318	0.427638941621	-1.45937142391	-0.0641553874474	-0.469901305811	-0.572516969342	0.0820060865945
Q	0.0958826467617	-0.314831630458	-0.0740600348054	-0.88258448983	0.593366838393	0.0789143000143	-0.152203140196	0.264789822239	-0.148972012281
G	-0.352008589872	-1.10993006637	-0.253621741526	-0.0378167587273	-1.01441597611	0.478750188763	-0.203803686383	-0.296928404817	-0.915313143499
H	0.155828546758	0.196311274349	0.430366013624	-0.112290477927	-0.926176192475	0.1043990632	-0.0968188211916	0.423349413692	-0.141141496565
I	0.196306550599	0.323621332118	0.273553533011	-0.438255220725	-0.818937254117	0.291448810077	0.117542606275	0.0930230316817	0.367376380353
L	-0.21006866654	0.39032117441	0.249718045985	0.0966996023219	-0.166779138689	-0.235978050244	-0.231619276862	-0.215622655061	0.357132766302
K	0.237840225762	0.0305840507576	0.483194922094	-0.504436671457	2.06591139367	0.0393415208564	-0.174572319992	-0.259660502466	-0.0264803342138
M	-0.258577430634	0.197425750186	0.0517052664087	-0.202432923479	2.01747808377	0.056465406307	-0.0895731454099	-0.292997007371	-0.277230001054
F	0.408160142351	0.284228977942	-0.285726631419	0.114040898777	-0.860912206899	0.34423901152	0.33655519127	0.09507741696	0.390931795947
P	0.0176172423908	-0.13280264972	-0.813440600367	-0.979991407492	2.15227830573	-0.0721238697391	0.011636822953	0.304380796136	-0.0301218075878
S	0.0919201766904	0.290214830552	0.264492646124	0.0919473231494	0.473881260436	-0.139466475079	-0.218431425001	0.0865802945851	0.177821218265
T	0.24652736677	-0.250341962872	0.0990629915448	0.46565331866	-0.670012303548	0.0752567284719	-0.092972674818	0.0582562199424	-0.0974810726941
W	0.476631090877	0.322294295947	0.252674169004	0.561552387266	-0.508618397759	-0.771054043282	0.280121131459	0.875220263162	-0.0158827321705
Y	0.364612143712	0.0475128129622	-0.0996243017684	0.80448958483	-0.440944135066	0.0715328837734	0.415681859819	-0.128399509769	-0.300323817888
V	-0.370353475661	0.256231046884	-0.0544934945198	0.728706831779	-0.291786839424	-0.0955136154291	-0.109964537632	-0.0628688851392	0.19840702271
geomean	46.9303926824
