NumCols:	9
A	-0.391	0.193	0.220	-0.000	0.045	-0.004	-0.058	-0.001	0.257
C	-0.034	-0.249	-0.006	-0.000	-0.011	-0.000	-0.053	-0.000	0.061
D	0.033	0.822	0.044	0.001	-0.027	0.000	-0.043	-0.002	0.034
E	-0.643	-1.180	0.067	-0.000	-0.050	0.002	-0.022	-0.000	-0.039
F	0.291	-0.405	-0.410	0.000	0.019	-0.003	-0.108	-0.000	0.129
G	-0.699	-0.141	0.147	-0.000	0.065	0.000	-0.042	-0.000	0.080
H	0.522	-0.084	-0.011	-0.000	-0.075	0.000	-0.000	0.001	-0.030
I	-0.221	0.872	-0.220	0.000	0.041	-0.011	-0.015	0.001	-0.194
K	0.572	0.351	0.041	-0.000	-0.071	-0.002	0.085	0.002	-0.083
L	0.050	-0.081	0.361	0.001	0.004	0.001	0.029	0.000	-0.423
M	-0.081	-0.605	-0.255	0.000	-0.012	-0.001	0.001	0.001	-0.239
N	0.069	-0.263	0.390	0.001	0.005	0.002	-0.021	0.000	-0.055
P	-0.017	0.277	0.225	0.001	-0.097	-0.002	0.081	-0.002	0.101
Q	-0.119	-0.850	-0.010	-0.000	-0.064	0.008	0.074	0.000	-0.163
R	-0.023	0.433	-0.350	-0.002	-0.051	0.002	0.091	0.002	0.005
S	-0.626	0.222	0.213	0.000	0.015	0.001	0.017	0.000	0.100
T	0.057	0.703	0.232	0.000	0.088	0.004	0.010	-0.002	0.147
V	0.204	0.514	0.211	0.000	0.051	-0.001	0.022	-0.001	0.198
W	0.724	-0.140	-0.292	-0.000	0.059	0.003	-0.031	0.000	0.045
Y	0.331	-0.388	-0.596	0.000	0.064	-0.000	-0.017	0.001	0.066
Intercept	4.48375
