NumCols:	9
A	-0.075	-0.409	0.079	-0.010	-0.013	0.075	-0.076	-0.059	-0.174
C	-0.001	-0.090	0.151	0.001	0.005	0.002	-0.000	-0.005	0.022
D	0.033	-0.114	0.365	-0.000	0.004	0.007	0.023	-0.011	0.066
E	0.050	-0.134	0.142	-0.005	0.008	0.008	0.006	0.002	0.117
F	0.005	0.535	-0.372	0.020	0.020	-0.013	-0.014	-0.055	0.005
G	-0.022	-0.494	-0.060	-0.011	0.002	-0.014	0.105	-0.042	-0.059
H	0.175	0.307	0.306	0.004	-0.011	-0.021	0.013	0.020	-0.249
I	-0.293	-0.349	-0.661	0.003	-0.001	-0.050	-0.046	0.042	0.368
K	-0.059	0.311	-0.093	-0.005	-0.013	0.003	0.048	-0.010	-0.720
L	0.088	0.147	-0.426	0.000	0.009	-0.006	-0.009	0.093	0.363
M	0.173	0.305	-0.506	0.003	0.003	-0.015	-0.027	0.052	0.681
N	0.124	-0.081	0.440	0.005	0.000	-0.012	0.079	0.056	0.155
P	0.016	-0.274	0.450	-0.000	-0.010	0.070	0.096	-0.134	-0.168
Q	0.098	-0.201	0.093	-0.010	-0.003	0.003	0.017	0.032	0.135
R	-0.256	0.693	-0.010	-0.002	-0.021	0.027	-0.036	-0.079	-0.863
S	-0.186	-0.752	-0.082	-0.009	-0.012	-0.006	-0.071	0.062	-0.061
T	-0.035	-0.258	0.131	-0.008	-0.004	-0.011	-0.072	0.061	-0.004
V	0.095	0.101	0.038	-0.002	0.001	0.005	-0.036	0.036	0.167
W	0.065	0.288	0.232	0.013	0.013	-0.037	0.020	0.003	0.210
Y	0.006	0.468	-0.217	0.012	0.023	-0.016	-0.020	-0.064	0.008
Intercept	4.20906
