NumCols:	9
A	0.002	-0.362	-0.007	-0.013	0.157	0.014	-0.010	-0.064	0.015
C	-0.000	0.030	0.001	-0.001	0.146	-0.003	0.001	-0.004	0.026
D	0.000	-0.033	-0.000	-0.003	0.243	-0.005	0.002	-0.030	-0.002
E	0.000	0.007	0.001	-0.004	0.114	-0.003	0.003	-0.021	-0.030
F	-0.003	0.976	0.006	0.001	-0.186	0.000	0.006	0.053	0.062
G	-0.001	0.005	-0.001	0.003	0.327	0.005	-0.005	0.023	0.016
H	-0.000	-0.621	0.000	0.002	0.027	-0.004	0.007	0.058	-0.018
I	-0.002	0.262	0.008	0.002	-0.123	0.007	-0.004	0.027	0.140
K	0.001	-0.365	-0.001	0.001	-0.419	0.001	-0.001	0.009	-0.017
L	0.001	-0.058	0.006	0.012	-0.779	0.002	0.004	0.006	-0.120
M	-0.000	-0.090	0.001	0.006	-0.388	-0.000	0.004	0.039	0.013
N	-0.000	-0.701	-0.001	0.013	0.167	-0.006	0.004	0.018	-0.032
P	0.002	0.477	-0.005	-0.005	0.415	-0.003	-0.001	-0.190	-0.029
Q	0.002	-0.225	-0.003	0.002	0.120	-0.005	0.001	-0.036	-0.076
R	0.001	-0.278	-0.007	-0.013	-0.139	-0.005	-0.001	-0.010	-0.004
S	0.001	-0.218	-0.004	0.000	0.499	0.004	-0.006	0.070	-0.001
T	0.002	-0.206	-0.001	-0.002	0.319	0.004	-0.005	0.019	-0.020
V	0.001	0.138	0.004	-0.000	-0.116	0.006	-0.006	0.009	-0.000
W	-0.002	0.439	0.003	-0.003	0.022	-0.007	0.004	0.006	0.042
Y	-0.004	0.822	0.002	0.000	-0.407	-0.002	0.003	0.020	0.037
Intercept	3.87826
