NumCols:	9
A	0.254	0.008	0.441	-0.156	-0.073	0.005	0.516	0.120	0.005
C	0.148	-0.031	-0.103	-0.014	-0.036	-0.011	0.017	-0.072	-0.017
D	0.268	-0.143	0.366	0.029	0.013	0.099	0.128	-0.068	0.212
E	0.188	-0.063	0.584	0.011	-0.010	0.051	0.501	-0.009	-0.075
F	-0.090	0.149	-0.405	0.025	-0.043	-0.162	-1.245	-0.339	-1.012
G	0.121	0.063	-0.026	-0.025	-0.003	-0.059	0.254	0.111	0.131
H	-0.131	0.174	-0.666	0.069	0.044	0.002	-0.255	-0.144	0.117
I	-0.160	0.005	-0.399	-0.012	-0.091	-0.093	-0.369	-0.082	-0.483
K	-0.135	0.216	0.082	0.015	0.071	0.026	0.173	0.147	0.348
L	-0.127	0.114	-0.362	0.029	-0.022	0.002	0.181	0.005	-0.865
M	-0.201	0.144	-0.737	0.035	-0.033	0.017	0.468	-0.038	-0.909
N	-0.007	-0.117	-0.457	0.010	0.024	0.071	0.247	-0.229	0.129
P	0.272	-1.082	0.563	-0.079	0.042	-0.019	-0.464	0.360	0.343
Q	-0.017	-0.048	-0.662	0.011	0.040	0.057	0.176	0.150	0.201
R	-0.235	0.180	1.221	0.031	0.120	-0.019	0.515	0.095	0.421
S	-0.041	0.206	0.425	-0.036	-0.003	0.080	0.285	0.067	0.139
T	0.068	0.106	0.579	-0.032	0.003	0.089	0.141	0.146	0.071
V	-0.003	-0.120	0.039	-0.043	-0.041	-0.024	0.174	0.176	0.175
W	-0.006	-0.002	-0.393	0.057	0.003	-0.016	-0.420	-0.100	0.836
Y	-0.166	0.239	-0.093	0.074	-0.005	-0.097	-1.024	-0.295	0.232
Intercept	4.643
