NumCols:	8
A	-0.010	0.073	0.605	-0.059	-0.028	-0.126	0.168	-0.019
C	-0.002	-0.054	0.074	0.008	0.002	-0.014	0.012	0.000
D	0.003	0.131	0.026	-0.004	0.016	-0.053	-0.027	0.014
E	0.001	0.054	-0.034	0.015	0.019	-0.078	-0.017	0.002
F	-0.006	-0.287	-0.490	0.099	0.013	0.004	-0.014	-0.012
G	-0.004	0.076	0.491	-0.054	-0.018	0.033	0.074	0.004
H	0.005	0.081	-0.792	-0.028	-0.011	0.056	-0.045	0.000
I	-0.010	0.027	0.342	0.098	0.025	-0.003	0.051	0.030
K	-0.005	0.175	-0.280	0.008	-0.016	0.103	0.030	0.002
L	-0.001	-0.009	-0.198	0.048	0.022	-0.015	0.034	-0.028
M	0.000	-0.004	-0.124	0.047	0.012	0.030	0.018	-0.002
N	0.006	0.041	-0.107	-0.010	-0.003	0.053	-0.061	0.003
P	0.008	-0.053	0.318	-0.074	0.006	-0.053	-0.126	0.009
Q	0.013	0.092	0.026	-0.050	0.013	0.017	-0.039	0.009
R	0.006	0.091	-0.577	0.009	-0.022	0.066	-0.016	0.006
S	0.003	0.204	0.324	-0.099	-0.051	-0.001	0.022	0.010
T	0.002	0.122	0.251	-0.082	-0.022	-0.093	0.028	-0.004
V	-0.011	0.034	0.499	0.014	0.003	-0.059	0.075	-0.025
W	0.002	-0.180	-0.149	0.048	0.018	0.045	-0.059	0.006
Y	-0.001	-0.614	-0.203	0.067	0.021	0.088	-0.107	-0.005
Intercept	3.9396
