NumCols:	11
A	0.108	0.037	0.133	0.715	0.001	-0.020	0.047	0.000	-0.342	0.113	0.108
C	0.001	0.017	-0.048	-0.244	0.002	-0.027	0.001	0.001	0.078	-0.061	0.046
D	0.023	0.090	0.355	-0.869	0.001	-0.052	0.020	0.004	0.044	-0.188	0.041
E	0.016	0.077	0.246	-0.677	0.001	-0.017	0.109	0.005	0.007	-0.181	0.022
F	-0.105	-0.000	-0.393	0.437	-0.000	-0.015	0.086	-0.001	0.232	-0.003	-0.020
G	-0.029	0.011	0.026	0.043	0.000	0.047	-0.075	-0.000	-0.038	0.034	0.055
H	-0.038	-0.208	0.222	-0.406	-0.000	-0.154	-0.118	-0.000	0.101	-0.204	0.078
I	-0.037	0.130	-0.382	-0.087	-0.001	-0.145	0.084	-0.003	0.046	0.420	-0.183
K	-0.031	-0.138	0.224	0.289	-0.001	-0.057	-0.047	-0.006	0.047	0.026	0.077
L	-0.064	0.123	-0.323	0.503	-0.002	-0.005	0.130	-0.001	0.006	0.234	-0.238
M	-0.045	0.020	-0.053	0.172	-0.001	-0.011	0.048	-0.001	0.060	-0.027	-0.070
N	0.029	0.040	0.083	-0.657	0.001	0.107	-0.032	0.000	0.092	-0.100	-0.007
P	0.089	0.181	-0.112	0.658	0.000	0.065	0.005	0.004	-0.070	-0.079	0.028
Q	0.053	0.067	-0.303	0.405	-0.001	0.124	0.012	0.004	-0.109	-0.006	0.004
R	-0.001	-0.216	0.317	0.600	-0.002	-0.008	-0.055	-0.002	0.070	-0.147	0.232
S	0.082	-0.001	0.457	0.033	-0.001	0.009	-0.102	0.000	-0.135	0.060	0.025
T	0.071	0.048	0.323	-0.356	0.001	0.030	-0.101	0.000	-0.228	0.059	-0.048
V	0.049	0.119	-0.316	-0.015	0.000	0.035	0.070	-0.003	-0.164	0.335	-0.194
W	-0.049	0.016	-0.204	-0.428	0.000	0.111	-0.061	-0.000	0.168	-0.097	0.004
Y	-0.120	-0.411	-0.250	-0.118	0.001	-0.018	-0.020	-0.001	0.135	-0.186	0.040
Intercept	3.67171
