NumCols:	8
A	0.388	-0.614	0.251	0.392	-0.750	-0.419	0.076	0.117
C	-0.392	-0.133	0.056	0.074	-0.045	0.146	-0.202	0.056
D	0.536	0.363	0.067	-0.025	0.160	0.504	0.147	0.055
E	-0.541	-1.199	0.120	-0.246	0.216	0.402	0.224	0.000
F	-0.910	-0.007	-0.076	-0.072	0.066	-0.131	-0.561	-0.035
G	0.356	-0.150	0.228	0.457	-0.464	-0.290	0.198	0.052
H	-1.264	1.421	-0.158	0.037	0.127	-0.163	0.134	0.120
I	-0.039	-0.495	-0.106	-0.427	0.001	0.070	-0.346	-0.503
K	0.451	0.819	-0.157	-0.370	0.071	-0.615	0.827	0.010
L	0.148	-0.453	-0.145	-0.691	0.149	-0.063	-0.867	-0.300
M	0.127	0.096	-0.169	-0.515	0.042	-0.066	-0.457	-0.198
N	-0.008	0.283	-0.058	0.199	0.065	-0.068	0.246	0.049
P	1.572	-0.337	0.379	0.955	-0.143	0.188	0.420	0.063
Q	0.009	-0.442	0.081	-0.038	0.100	0.101	0.023	0.005
R	1.388	1.022	-0.134	0.027	0.100	-0.254	0.482	0.152
S	-0.602	0.041	0.148	0.394	-0.033	-0.060	-0.045	0.083
T	-0.142	-0.237	0.068	0.248	0.030	0.137	0.013	0.068
V	0.113	-0.608	0.048	0.038	-0.109	-0.027	-0.056	-0.138
W	-0.524	0.264	-0.157	-0.113	0.266	0.321	-0.173	0.108
Y	-0.669	0.365	-0.286	-0.325	0.150	0.288	-0.084	0.235
Intercept	3.8419
