NumCols:	11
A	0.728	0.000	0.000	0.128	-0.007	-0.001	-0.383	-0.001	0.515	0.278	-0.296
C	0.680	0.000	0.001	0.316	-0.002	0.000	0.010	-0.000	0.082	0.030	-0.013
D	0.057	-0.001	-0.002	0.532	0.002	0.000	0.067	0.000	0.214	-0.040	0.094
E	-0.156	0.001	-0.001	-0.276	-0.003	0.001	0.011	0.001	0.139	0.005	0.041
F	-0.447	0.000	0.007	-0.758	-0.003	-0.002	-0.027	-0.001	-0.097	0.015	-0.175
G	0.454	0.000	-0.000	0.755	-0.004	-0.002	0.019	-0.001	-0.089	0.027	-0.023
H	0.253	-0.000	-0.002	-0.400	0.005	0.001	0.195	0.000	-0.234	-0.069	0.425
I	-0.929	0.000	0.006	-0.003	-0.012	0.001	-0.214	-0.001	-0.019	0.035	-1.391
K	-0.132	-0.000	0.000	-0.005	0.013	0.001	0.158	-0.000	-0.456	0.012	0.082
L	-0.664	0.000	0.005	-0.149	-0.007	-0.000	-0.179	-0.000	-0.210	-0.033	-0.160
M	-0.447	0.000	0.002	-0.566	-0.003	0.000	-0.015	0.001	-0.296	-0.040	-0.012
N	0.043	-0.000	-0.002	0.316	0.001	0.000	0.153	0.000	0.033	-0.109	0.334
P	0.458	-0.000	0.001	0.808	0.000	-0.001	-0.114	-0.000	0.490	0.031	-0.046
Q	0.068	0.000	-0.003	-0.305	-0.001	0.000	0.067	0.002	-0.237	-0.093	0.312
R	0.727	-0.000	-0.003	-0.775	0.021	0.001	0.200	0.000	-0.397	-0.013	0.353
S	0.126	-0.000	-0.004	0.176	-0.000	-0.001	-0.004	0.000	-0.131	-0.013	0.126
T	0.011	-0.000	-0.005	0.581	-0.003	-0.000	-0.100	0.001	0.342	-0.001	0.063
V	-0.363	0.000	0.003	1.246	-0.008	-0.000	-0.259	-0.000	0.407	0.068	-0.431
W	-0.080	-0.000	-0.000	-0.364	0.004	0.001	0.196	0.000	-0.067	-0.048	0.292
Y	-0.385	-0.000	-0.002	-1.256	0.006	0.000	0.218	-0.000	0.011	-0.042	0.424
Intercept	3.29744
