NumCols:	10
A	-0.019	-0.228	-0.098	0.024	-0.163	-0.046	-0.026	-0.082	-0.109	0.420
C	0.013	0.046	-0.097	-0.007	0.047	0.014	-0.125	-0.022	-0.006	-0.132
D	0.045	0.601	0.010	0.020	0.229	0.037	0.046	-0.008	0.053	0.075
E	0.055	0.106	-0.053	0.020	0.099	0.018	0.034	-0.018	0.024	0.038
F	0.049	0.172	-0.184	-0.070	-0.291	0.012	-0.678	-0.149	-0.134	-0.467
G	0.032	-0.609	-0.091	0.002	-0.100	0.003	-0.097	0.052	-0.004	0.076
H	-0.066	0.245	0.305	-0.003	-0.092	-0.002	-0.076	0.149	0.068	0.029
I	0.034	0.144	-0.102	-0.013	-0.059	-0.012	-0.035	-0.234	-0.103	-0.741
K	-0.140	0.662	0.418	-0.013	-0.187	-0.047	0.196	0.261	0.125	-0.132
L	0.075	-0.424	0.084	-0.005	0.198	-0.011	0.082	-0.108	-0.098	-0.312
M	0.037	-0.220	0.047	-0.011	0.044	-0.010	-0.045	-0.053	-0.026	-0.326
N	0.049	-0.091	0.114	0.015	0.238	0.023	0.055	0.020	0.052	0.037
P	0.036	0.839	-0.853	0.034	0.121	0.027	0.412	0.108	0.116	0.297
Q	0.023	-0.393	-0.028	0.043	0.107	0.011	0.324	0.165	0.065	0.238
R	-0.262	0.646	0.438	-0.010	-0.662	-0.041	0.326	0.446	0.189	0.229
S	-0.023	-0.357	0.150	0.060	-0.040	-0.007	-0.049	0.047	0.010	0.436
T	-0.004	-0.577	0.073	0.044	0.193	0.009	0.039	-0.057	-0.123	0.592
V	0.036	-0.650	-0.096	0.013	0.258	-0.006	0.111	-0.324	-0.076	0.216
W	0.032	0.030	-0.075	-0.041	0.124	0.024	-0.180	-0.100	0.006	-0.383
Y	-0.004	0.057	0.038	-0.102	-0.063	0.004	-0.315	-0.092	-0.025	-0.189
Intercept	5.17755
