NumCols:	10
A	0.150	-0.399	0.065	0.031	0.283	-0.029	-0.023	0.013	0.091	0.033
C	-0.063	-0.053	0.027	-0.007	0.143	-0.010	-0.020	-0.061	0.037	0.034
D	0.199	0.298	0.083	0.010	0.105	-0.026	0.052	-0.128	0.058	0.165
E	0.190	0.134	0.015	0.008	0.026	0.005	0.032	-0.082	-0.019	0.120
F	-0.189	0.013	-0.049	-0.012	0.047	0.021	-0.166	0.036	-0.205	-0.143
G	0.036	-0.246	0.099	0.021	0.078	0.032	0.010	-0.032	0.229	0.063
H	-0.168	-0.168	0.086	-0.015	-0.140	-0.042	-0.024	0.039	-0.033	0.101
I	-0.087	0.200	-0.347	-0.024	0.203	0.180	-0.039	0.071	0.143	-0.453
K	-0.166	0.199	0.121	-0.006	0.052	0.004	-0.012	0.151	0.108	0.118
L	0.017	0.155	-0.204	-0.003	-0.078	-0.009	-0.042	0.095	0.023	-0.220
M	-0.113	-0.209	-0.147	-0.011	0.004	-0.012	-0.035	0.015	0.102	-0.250
N	0.015	0.206	-0.022	-0.013	-0.533	-0.136	0.088	-0.014	0.125	0.086
P	0.437	0.312	-0.164	0.007	-0.003	0.103	0.102	-0.090	-0.188	0.159
Q	0.157	-0.201	0.019	0.014	-0.244	-0.015	0.078	-0.056	0.159	0.095
R	0.079	-0.066	0.309	-0.000	0.199	0.045	-0.056	0.114	0.245	0.206
S	-0.217	-0.244	0.124	0.022	-0.113	-0.054	0.087	-0.039	0.047	0.049
T	0.025	0.070	0.162	0.020	0.000	-0.071	0.084	-0.011	-0.133	0.063
V	0.010	0.089	-0.098	0.004	0.100	0.050	0.020	0.043	-0.231	-0.182
W	-0.110	0.064	-0.041	-0.023	-0.027	-0.006	-0.020	-0.070	-0.153	-0.040
Y	-0.203	-0.155	-0.038	-0.022	-0.101	-0.029	-0.116	0.006	-0.406	-0.005
Intercept	4.60467
