NumCols:	9
A	0.027	-1.081	0.212	-0.059	0.004	-0.509	0.209	0.265	-0.234
C	0.029	-0.080	0.070	-0.009	0.022	-0.048	0.062	-0.194	0.156
D	0.056	-0.229	0.017	-0.068	-0.001	-0.012	0.020	-0.124	0.043
E	0.079	-0.177	-0.002	-0.051	0.001	0.030	-0.084	-0.404	0.015
F	-0.022	0.591	0.062	0.103	0.016	-0.197	0.141	0.020	0.669
G	0.043	-0.317	0.089	-0.070	0.030	-0.338	0.108	-0.192	0.095
H	-0.181	0.636	0.234	0.038	-0.031	-0.258	-0.256	0.636	0.289
I	0.090	-0.839	-0.159	0.129	0.029	0.389	0.341	0.481	-0.440
K	-0.241	1.340	0.525	-0.018	-0.008	0.268	-0.119	0.060	-0.008
L	0.144	0.311	0.059	0.074	0.002	-0.059	-0.210	0.099	-0.275
M	0.015	-0.072	-0.274	0.067	0.000	0.053	-0.081	0.055	-0.274
N	0.058	-0.414	-0.324	-0.027	-0.004	-0.114	-0.202	-0.133	0.069
P	0.084	0.342	0.113	-0.117	0.000	-0.434	0.199	0.006	-0.190
Q	0.043	0.091	-0.155	-0.057	-0.011	-0.268	-0.253	0.172	-0.164
R	-0.431	1.984	0.360	-0.013	-0.039	0.301	-0.111	0.247	0.178
S	-0.030	-1.507	-0.120	-0.040	-0.001	-0.361	0.076	0.027	-0.030
T	0.098	-1.115	-0.051	-0.033	0.001	0.107	0.019	0.036	-0.174
V	0.193	-0.593	-0.116	0.025	0.001	0.258	0.199	-0.523	-0.534
W	0.051	0.545	-0.237	0.050	0.001	0.582	0.052	-0.115	0.247
Y	-0.105	0.582	-0.304	0.078	-0.013	0.609	-0.108	-0.420	0.562
Intercept	3.65181
