NumCols:	11
A	0.124	0.424	0.409	-0.387	0.069	0.061	0.058	0.088	0.087	-0.167	0.141
C	-0.158	-0.035	0.065	-0.049	-0.048	-0.016	0.086	-0.040	0.002	0.111	0.102
D	0.318	0.073	0.364	0.088	0.133	0.015	-0.059	0.038	0.232	0.393	0.164
E	0.004	0.024	0.292	0.174	-0.022	-0.009	-0.070	-0.002	0.230	0.263	0.206
F	-0.439	-0.091	-0.350	0.343	0.001	-0.059	-0.066	-0.165	-0.198	0.070	-0.380
G	0.057	0.110	0.136	0.167	0.088	0.001	0.128	-0.093	-0.036	-0.029	0.189
H	-0.161	-0.497	-0.238	-0.035	-0.009	0.088	0.085	0.274	-0.120	-0.062	0.042
I	0.001	0.383	0.009	-0.318	0.112	-0.206	-0.168	-0.279	-0.031	0.149	-0.374
K	-0.015	-0.257	-0.052	0.456	0.116	0.076	0.174	0.259	-0.138	-0.322	-0.181
L	-0.006	0.047	-0.117	0.008	-0.025	-0.102	-0.385	-0.393	-0.223	-0.244	-0.379
M	-0.104	-0.002	-0.062	-0.434	0.030	-0.083	-0.160	-0.122	0.028	0.300	-0.226
N	0.194	0.167	0.011	0.080	0.129	0.014	-0.059	0.017	0.139	-0.143	0.263
P	0.533	0.554	0.060	0.169	0.106	0.148	-0.116	0.008	-0.196	0.288	0.282
Q	0.046	-0.175	-0.025	0.123	-0.257	-0.006	-0.041	-0.075	0.186	-0.132	0.231
R	-0.509	-1.112	-0.250	-0.389	-0.246	0.123	0.157	0.319	0.114	-0.150	-0.045
S	0.310	0.094	0.228	0.009	-0.092	0.054	0.179	0.212	0.213	-0.117	0.293
T	0.293	0.259	0.145	0.037	-0.018	-0.001	0.094	0.074	0.121	-0.191	0.165
V	0.181	0.415	0.038	0.273	0.142	-0.098	-0.062	-0.072	-0.059	-0.208	-0.165
W	-0.218	-0.161	-0.295	-0.265	-0.020	-0.072	0.083	-0.032	-0.061	0.078	-0.081
Y	-0.452	-0.220	-0.369	-0.049	-0.187	0.073	0.142	-0.017	-0.292	0.111	-0.245
Intercept	4.37011
