NumCols:	9
A	-0.303	0.141	0.101	-0.123	0.051	0.007	0.218	-0.401	-0.509
C	-0.066	-0.275	-0.021	0.030	0.045	-0.021	-0.074	0.139	0.031
D	0.767	-0.944	0.527	0.051	0.231	0.065	0.155	0.148	0.230
E	0.386	-1.719	0.277	-0.076	0.084	0.103	0.150	-0.223	-0.018
F	-0.138	0.089	-0.523	-0.201	-0.139	-0.249	-0.195	0.072	-0.438
G	-0.239	0.090	0.342	-0.069	0.038	-0.025	0.212	0.226	0.405
H	-0.321	0.090	-0.272	0.080	0.038	0.041	0.060	0.238	0.291
I	0.023	0.088	-0.047	0.019	-0.225	-0.046	-0.176	-0.221	-0.585
K	-0.515	0.401	0.233	0.054	0.030	0.284	0.228	0.206	0.433
L	0.016	0.444	-0.234	-0.178	-0.249	-0.122	-0.049	0.046	-0.590
M	-0.059	0.138	-0.225	-0.064	-0.228	-0.026	0.032	0.022	-0.367
N	0.357	-0.070	0.011	0.076	0.049	-0.046	0.032	-0.244	0.251
P	0.911	0.676	0.405	0.132	0.132	0.112	-0.212	-0.425	0.094
Q	0.302	-0.422	0.153	0.020	0.043	0.090	0.081	0.069	0.140
R	-0.376	0.059	-0.098	0.094	0.061	0.205	0.045	0.353	0.447
S	-0.130	-0.135	0.001	0.085	0.033	0.002	0.056	-0.321	0.234
T	0.045	0.251	0.121	0.048	0.085	0.002	0.101	-0.055	-0.294
V	0.010	0.576	0.058	-0.004	-0.115	-0.117	-0.010	-0.263	-0.481
W	-0.118	0.071	-0.368	0.056	0.045	-0.125	-0.311	0.444	0.318
Y	-0.553	0.451	-0.441	-0.029	-0.010	-0.133	-0.344	0.191	0.407
Intercept	4.73887
