NumCols:	10
A	0.074	0.339	0.064	-0.046	-0.004	-0.082	-0.005	-0.019	0.032	-0.016
C	0.069	-0.030	-0.019	0.002	0.010	-0.053	0.013	-0.040	0.124	-0.365
D	0.233	0.199	0.153	0.012	0.013	-0.005	-0.022	0.120	0.302	0.143
E	0.217	0.388	0.200	0.047	0.051	0.005	0.055	0.109	0.065	0.019
F	-0.117	-0.526	-0.467	0.099	-0.159	-0.107	-0.175	-0.345	-0.097	-1.532
G	0.192	0.239	-0.015	-0.042	0.078	-0.072	-0.001	0.316	0.254	-0.027
H	-0.029	0.198	0.029	0.055	-0.050	0.111	0.065	-0.265	-0.064	0.238
I	-0.090	0.162	-0.073	0.059	-0.010	-0.076	0.078	-0.091	-0.038	-0.608
K	-0.136	0.306	0.198	-0.020	0.039	0.198	0.078	0.655	0.072	0.484
L	-0.065	-0.016	0.160	0.095	-0.028	0.023	0.033	-0.130	-0.203	-0.500
M	-0.084	-0.154	-0.417	-0.019	-0.080	-0.026	0.045	-0.220	-0.040	-0.210
N	0.049	0.372	0.141	0.018	0.006	0.043	0.022	0.039	0.081	0.136
P	0.137	0.627	-0.164	-0.041	0.142	0.063	-0.047	-0.043	0.141	0.153
Q	0.143	0.198	0.155	-0.053	0.128	0.025	0.077	0.100	-0.038	0.361
R	-0.267	0.277	0.144	-0.013	-0.050	0.209	0.132	0.389	0.109	0.485
S	0.052	0.114	0.023	-0.075	0.021	-0.028	0.065	0.050	-0.047	0.753
T	0.070	0.277	0.264	-0.024	0.062	-0.061	-0.123	-0.061	-0.228	0.903
V	-0.115	0.083	0.239	0.073	0.059	-0.064	-0.066	0.028	-0.254	0.107
W	-0.063	-1.380	-0.214	-0.060	-0.047	-0.054	-0.106	-0.201	0.043	-0.595
Y	-0.269	-1.673	-0.400	-0.068	-0.184	-0.050	-0.118	-0.392	-0.211	0.071
Intercept	4.72765
