NumCols:	10
A	-0.347	0.011	0.015	-0.102	-0.177	-0.074	0.080	-0.114	0.008	0.035
C	0.087	0.551	0.037	-0.050	-0.089	0.063	0.018	-0.047	0.048	0.198
D	0.548	0.551	0.274	0.086	0.456	0.426	0.550	0.366	0.361	0.344
E	0.586	0.345	0.503	0.345	0.423	0.304	0.495	0.267	0.128	0.482
F	0.089	0.017	-0.215	-0.328	-0.231	-0.043	-0.266	-0.152	-0.370	-0.127
G	-0.083	0.302	0.167	-0.065	-0.106	-0.012	-0.066	0.167	-0.057	0.056
H	-0.144	0.144	-0.085	0.106	-0.156	-0.020	-0.131	0.032	-0.027	-0.077
I	-0.286	-0.623	-0.135	0.033	0.084	-0.147	-0.040	-0.189	0.237	0.093
K	-0.486	0.492	0.140	0.191	-0.051	-0.041	0.095	0.283	0.132	-1.882
L	-0.109	-0.809	-0.300	0.062	0.023	0.023	-0.215	-0.362	-0.203	0.158
M	-0.385	-0.830	-0.544	-0.109	0.018	0.007	-0.274	-0.412	-0.078	0.057
N	0.247	0.507	-0.015	-0.112	0.133	0.070	0.108	0.269	0.044	0.232
P	0.707	0.255	0.393	-0.003	0.028	-0.142	0.068	0.115	-0.079	0.414
Q	0.093	-0.088	0.290	0.172	0.074	0.003	0.132	0.256	0.183	0.729
R	-0.609	0.538	-0.114	0.038	-0.121	-0.074	-0.051	0.041	0.094	-0.764
S	-0.148	-0.267	-0.034	0.012	0.129	-0.091	-0.150	-0.192	0.033	0.291
T	0.001	-0.537	0.196	0.033	0.002	-0.150	-0.146	-0.021	0.010	0.390
V	-0.029	-0.540	0.048	0.098	-0.056	-0.114	0.028	-0.072	0.099	0.244
W	0.201	0.131	-0.031	-0.103	-0.314	-0.004	-0.066	-0.128	-0.169	0.066
Y	0.067	-0.152	-0.592	-0.303	-0.068	0.015	-0.169	-0.106	-0.395	-0.942
Intercept	4.73507
