NumCols:	11
A	0.390	-0.391	0.004	-0.103	0.132	-0.235	0.247	-0.038	-0.043	0.126	0.109
C	0.040	0.020	0.035	-0.036	-0.026	0.101	0.005	0.080	0.009	0.025	-0.129
D	0.076	0.187	-0.133	-0.059	-0.168	-0.006	0.076	0.203	-0.074	0.077	-0.062
E	0.009	0.134	-0.059	-0.139	-0.091	-0.103	0.049	0.118	-0.035	0.001	-0.017
F	-0.140	0.070	-0.222	-0.080	0.071	0.188	-0.022	-0.008	0.097	-0.088	-0.206
G	0.096	-0.093	0.104	0.041	0.030	-0.010	0.042	0.116	-0.051	0.053	-0.006
H	-0.003	0.087	0.103	0.014	-0.113	0.152	-0.172	0.053	0.019	0.054	-0.017
I	-0.183	-0.071	-0.306	0.027	0.207	-0.027	-0.009	-0.517	0.152	-0.099	0.100
K	0.093	0.003	0.101	0.106	0.082	0.069	0.007	-0.249	0.089	0.101	0.170
L	-0.279	-0.036	-0.235	-0.114	0.018	-0.028	-0.024	-0.194	0.097	-0.219	0.101
M	-0.330	0.090	-0.074	-0.053	0.051	0.057	-0.052	-0.173	0.219	-0.265	0.013
N	-0.060	0.079	0.091	-0.014	-0.160	0.048	-0.072	0.175	-0.071	0.087	-0.032
P	0.251	0.108	0.167	-0.009	-0.275	-0.173	0.102	0.175	-0.437	0.136	0.044
Q	-0.201	0.094	0.200	-0.031	-0.088	-0.113	-0.044	0.058	-0.065	-0.132	0.073
R	-0.042	0.126	0.196	0.071	0.030	0.097	0.042	-0.256	0.015	0.076	0.141
S	0.218	-0.303	0.109	0.026	0.101	-0.093	0.015	0.157	-0.013	0.107	0.046
T	0.202	-0.225	0.003	0.098	0.066	-0.154	0.002	0.194	-0.151	0.132	0.029
V	0.113	-0.211	-0.184	0.145	0.115	-0.136	0.028	-0.141	0.031	-0.036	0.084
W	-0.149	0.177	0.010	0.093	-0.033	0.207	-0.113	0.146	0.115	-0.091	-0.365
Y	-0.100	0.156	0.093	0.019	0.051	0.159	-0.108	0.099	0.097	-0.045	-0.077
Intercept	3.71407
