NumCols:	9
A	0.294	0.119	0.021	0.013	0.002	-0.005	0.099	0.003	0.037
C	-0.152	-0.010	-0.170	0.001	0.001	0.001	-0.004	0.000	0.009
D	-0.054	0.045	-0.079	-0.000	0.001	-0.001	0.045	0.001	0.013
E	0.064	0.002	-0.080	0.001	0.001	0.001	0.061	0.000	0.008
F	-0.489	0.057	-0.638	0.001	0.001	0.006	-0.148	-0.002	0.044
G	0.217	-0.093	-0.057	0.002	-0.000	0.001	0.039	-0.000	0.015
H	-0.381	-0.165	0.009	-0.005	-0.001	-0.003	-0.136	-0.001	0.031
I	0.242	0.347	-0.020	0.002	-0.000	0.005	0.123	-0.003	-0.197
K	-0.374	-0.063	0.326	-0.000	-0.002	-0.008	-0.079	-0.000	-0.011
L	0.413	0.246	0.027	0.001	-0.000	0.006	0.031	-0.004	-0.054
M	0.530	-0.163	0.029	-0.003	-0.001	0.003	0.071	-0.002	-0.067
N	-0.044	-0.151	0.110	-0.003	-0.000	0.001	0.013	0.000	0.018
P	0.003	0.062	-0.162	-0.004	0.002	-0.002	0.010	0.007	0.024
Q	0.172	-0.512	0.181	-0.004	-0.000	0.001	0.037	-0.000	-0.002
R	-0.322	-0.376	0.408	-0.004	-0.003	-0.012	-0.161	0.001	0.023
S	-0.112	-0.063	0.167	0.001	-0.001	-0.003	0.182	0.000	0.022
T	-0.018	0.287	0.113	0.001	0.000	0.001	0.100	-0.000	0.036
V	0.217	0.522	0.063	0.004	0.001	0.004	0.051	-0.001	0.011
W	-0.430	-0.040	-0.216	-0.005	0.001	0.003	-0.071	-0.001	0.007
Y	0.224	-0.053	-0.035	-0.001	-0.000	0.002	-0.263	-0.000	0.033
Intercept	1.95721
