NumCols:	9
A	-0.167	-0.116	-0.373	-0.095	0.031	0.022	-0.236	-0.096	-0.984
C	-0.015	0.616	0.134	-0.160	0.040	0.070	0.022	0.198	0.245
D	0.817	0.611	0.512	-0.275	0.073	0.378	0.225	0.334	0.213
E	0.848	0.484	0.699	-0.205	0.132	0.355	0.200	0.023	0.254
F	-0.762	-0.004	-0.258	-0.063	-0.043	-0.144	0.047	-0.123	0.255
G	-0.054	0.363	0.263	-0.032	-0.061	0.068	-0.129	-0.089	0.068
H	0.159	0.698	-0.175	-0.016	-0.294	0.035	-0.198	-0.110	0.913
I	-0.159	-0.886	-0.298	0.141	-0.074	-0.361	0.053	0.134	-0.973
K	-0.116	0.311	-0.010	0.116	-0.009	0.455	0.305	0.132	0.880
L	-0.199	-1.533	0.229	0.175	0.047	-0.436	0.053	-0.056	-0.826
M	-0.400	-1.564	-0.530	0.005	-0.028	-0.288	-0.166	0.110	-0.287
N	0.021	0.564	-0.309	-0.006	0.059	0.192	-0.010	-0.079	0.326
P	0.666	0.858	0.059	-0.076	0.302	-0.100	0.108	-0.201	-0.342
Q	0.231	-0.585	0.170	0.185	0.139	0.120	0.034	0.039	0.489
R	-0.093	0.535	0.083	0.143	0.063	0.319	0.303	0.081	0.575
S	-0.093	-0.094	-0.169	-0.073	-0.028	-0.100	-0.307	-0.142	0.129
T	0.089	-0.371	0.201	0.042	0.082	-0.142	-0.302	-0.019	-0.332
V	-0.104	-0.633	-0.077	0.209	-0.070	-0.415	0.027	0.170	-1.534
W	-0.103	0.359	0.286	0.023	-0.211	0.102	0.026	-0.122	0.339
Y	-0.568	0.387	-0.437	-0.038	-0.148	-0.130	-0.056	-0.184	0.592
Intercept	4.68067
