NumCols:	9
A	0.066	-0.007	0.019	-0.068	0.198	-0.007	0.068	0.001	0.205
C	-0.003	0.001	-0.029	-0.101	-0.048	0.001	-0.007	0.001	-0.115
D	-0.007	0.002	0.024	0.115	0.066	-0.002	-0.001	-0.008	-0.064
E	0.001	0.003	0.024	0.169	-0.052	-0.004	0.016	0.006	-0.032
F	-0.074	0.001	-0.206	-0.363	0.608	-0.009	-0.044	0.023	-0.195
G	0.084	-0.001	-0.024	-0.215	0.176	-0.004	0.010	-0.025	0.001
H	0.010	0.002	-0.070	0.186	0.160	0.023	-0.009	-0.006	0.013
I	0.014	-0.002	-0.016	-0.326	-0.105	-0.017	-0.031	0.026	-0.085
K	0.053	-0.001	-0.030	0.398	-0.215	0.017	-0.011	-0.007	0.250
L	0.002	-0.001	0.061	-0.136	-0.135	-0.007	0.031	0.051	0.071
M	-0.089	0.004	0.009	-0.078	-0.100	-0.001	0.032	0.036	-0.033
N	-0.027	0.002	0.001	-0.055	-0.018	-0.002	0.004	-0.008	-0.067
P	0.071	0.003	0.166	-0.049	0.320	-0.007	-0.025	-0.022	0.085
Q	0.009	0.002	0.094	0.174	-0.333	0.004	0.043	-0.003	0.052
R	0.045	0.001	-0.065	0.495	-0.416	0.028	-0.025	-0.004	0.286
S	-0.026	-0.002	-0.001	0.172	-0.092	0.006	0.031	-0.039	0.082
T	0.004	-0.006	0.050	0.051	0.334	-0.004	0.017	-0.025	0.057
V	0.018	-0.005	0.080	-0.117	0.018	-0.016	0.022	0.012	0.100
W	-0.093	0.003	-0.009	-0.126	-0.544	0.001	-0.049	-0.002	-0.356
Y	-0.058	0.002	-0.076	-0.128	0.178	0.002	-0.070	-0.008	-0.256
Intercept	2.14452
