NumCols:	9
A	0.301	0.097	0.100	-0.305	0.085	0.096	-0.123	-0.423	0.166
C	0.029	0.165	-0.024	-0.077	-0.030	-0.041	-0.034	0.190	0.061
D	0.371	0.217	0.326	0.042	0.291	0.111	-0.028	0.049	0.124
E	0.318	-0.037	0.310	-0.045	0.207	-0.048	0.025	-0.041	-0.071
F	-0.122	0.368	-0.366	-0.053	-0.098	-0.055	-0.224	0.324	-0.303
G	-0.153	-0.104	0.251	-0.130	-0.099	-0.034	0.113	0.053	0.128
H	-0.183	-0.030	-0.122	-0.007	-0.003	-0.081	0.104	0.294	0.367
I	0.215	0.111	0.063	0.004	-0.314	-0.020	-0.178	-0.303	-0.710
K	-0.301	-0.278	0.227	-0.051	0.325	0.042	0.257	0.172	0.531
L	0.018	-0.019	-0.263	0.086	-0.090	-0.063	0.054	-0.266	-1.141
M	-0.430	-0.654	-0.286	-0.041	0.009	0.017	-0.064	-0.043	-0.594
N	0.083	-0.124	-0.110	-0.090	0.057	0.079	0.206	0.145	-0.015
P	0.492	0.421	0.138	0.156	-0.189	0.034	-0.019	-0.419	0.166
Q	0.036	-0.867	0.191	0.268	-0.003	-0.041	0.142	-0.171	-0.130
R	-0.697	0.061	0.288	0.279	0.233	0.229	0.225	0.321	0.787
S	0.032	0.009	0.245	-0.076	-0.021	-0.079	0.062	-0.176	0.256
T	0.298	0.152	0.215	0.086	0.039	0.091	0.017	-0.191	0.112
V	0.340	0.254	-0.109	0.100	-0.172	0.062	-0.247	-0.191	-0.361
W	-0.424	0.046	-0.542	-0.046	-0.205	-0.125	-0.191	0.391	0.105
Y	-0.221	0.213	-0.534	-0.102	-0.023	-0.173	-0.098	0.285	0.523
Intercept	5.11227
