NumCols:	10
A	-0.642	0.218	-0.039	-0.053	0.011	0.010	-0.015	0.000	-0.060	0.091
C	0.049	-0.206	-0.021	-0.027	-0.087	-0.205	-0.044	0.065	-0.026	-0.514
D	0.358	-0.512	0.251	0.004	0.154	0.234	0.001	0.073	0.021	0.629
E	-0.264	-1.528	0.046	-0.000	0.015	0.129	0.154	0.080	-0.017	0.797
F	0.297	-0.044	-0.248	-0.031	-0.363	-0.545	-0.208	-0.090	-0.179	-0.978
G	-0.124	0.186	0.103	0.004	-0.072	0.091	-0.044	0.048	-0.024	0.231
H	0.115	0.047	0.011	0.023	0.125	-0.023	0.040	0.012	0.092	-0.215
I	0.069	0.217	-0.344	-0.034	-0.194	-0.150	0.104	-0.027	-0.061	-0.379
K	0.102	0.140	0.411	0.040	0.294	-0.104	0.154	0.018	0.103	0.137
L	0.272	-0.006	-0.089	0.010	-0.115	-0.130	0.053	-0.088	-0.036	-0.163
M	-0.387	0.046	-0.375	-0.005	-0.092	0.103	-0.024	-0.086	-0.005	-0.265
N	-0.010	0.161	-0.121	0.041	0.071	0.343	-0.096	0.034	0.052	0.336
P	0.871	0.030	0.372	0.033	0.144	-0.110	0.060	0.093	0.140	1.077
Q	-0.424	-0.264	-0.004	0.034	0.010	0.307	0.109	0.030	0.079	0.416
R	-0.219	0.086	0.375	0.042	0.223	0.089	0.149	0.017	0.089	-0.304
S	-0.608	0.466	0.076	0.011	-0.019	0.082	-0.039	-0.006	0.121	0.612
T	-0.079	0.407	0.068	-0.009	0.078	0.270	-0.042	0.001	0.038	0.405
V	0.156	0.370	-0.091	-0.015	0.024	-0.017	0.053	-0.010	0.042	0.297
W	0.281	0.147	-0.147	-0.027	-0.056	-0.201	-0.244	-0.033	-0.086	-1.205
Y	0.187	0.039	-0.233	-0.041	-0.150	-0.172	-0.121	-0.133	-0.282	-1.004
Intercept	4.87312
