NumCols:	9
A	-0.291	-0.148	0.037	-0.003	-0.001	-0.060	-0.006	-0.221	-0.132
C	-0.133	-0.014	-0.080	0.002	-0.000	-0.013	0.001	0.003	0.070
D	-0.023	0.006	-1.277	0.016	-0.001	0.036	0.003	-0.115	0.021
E	-0.050	-0.004	-0.519	0.013	-0.001	-0.036	0.002	-0.082	-0.033
F	-0.552	0.028	0.361	-0.003	0.000	0.081	0.006	0.087	0.214
G	-0.077	-0.041	-0.206	-0.001	-0.000	-0.131	-0.003	0.024	0.025
H	0.154	0.006	0.624	-0.005	0.002	0.086	0.006	0.150	0.178
I	-0.187	0.050	0.269	-0.005	-0.002	-0.044	-0.002	-0.057	-0.265
K	0.382	-0.031	0.733	-0.012	0.001	0.099	-0.001	0.162	0.023
L	0.084	0.038	0.181	0.000	-0.001	-0.040	0.003	-0.026	-0.295
M	0.073	0.076	0.006	-0.004	-0.001	-0.020	0.002	0.042	-0.156
N	0.117	0.023	-0.367	0.001	0.001	-0.006	0.000	0.056	0.027
P	-0.003	-0.044	0.570	0.012	0.001	-0.130	-0.009	-0.402	-0.110
Q	0.245	0.015	-0.474	0.004	-0.000	-0.142	-0.005	-0.044	-0.109
R	0.278	-0.048	0.978	-0.014	0.002	0.172	0.001	0.088	0.159
S	0.127	-0.073	-0.598	-0.001	-0.000	0.047	-0.002	0.041	-0.046
T	0.077	0.015	-0.632	0.003	-0.001	-0.007	-0.002	0.002	-0.079
V	-0.088	0.028	0.281	0.003	-0.001	-0.034	-0.002	-0.103	-0.261
W	-0.045	0.079	-0.144	0.002	0.001	0.043	0.003	0.167	0.205
Y	-0.089	0.040	0.258	-0.008	0.001	0.098	0.007	0.225	0.565
Intercept	3.58102
