NumCols:	9
A	-0.010	-0.525	0.376	-0.117	0.096	-0.047	0.191	0.372	-0.139
C	0.227	0.513	0.052	0.063	-0.094	0.188	0.134	0.046	-0.006
D	0.291	1.031	-0.258	-0.328	-0.002	0.320	0.114	-0.229	-0.083
E	0.321	0.950	0.237	-0.429	0.104	0.172	0.032	-0.276	-0.198
F	-0.636	-0.135	-0.636	0.349	0.071	0.284	0.320	-0.017	-0.036
G	0.123	-0.086	0.192	-0.156	0.105	-0.143	0.180	0.223	0.030
H	0.263	0.161	-0.439	0.205	-0.595	0.188	-0.155	0.023	0.486
I	0.272	-0.158	0.092	0.536	0.382	-0.202	0.105	-0.156	-0.419
K	0.528	-0.031	0.092	0.218	-0.141	-0.059	-0.175	0.201	1.053
L	0.006	0.135	0.369	0.206	0.341	-0.015	-0.041	-0.453	-0.462
M	-0.521	-0.148	-0.392	0.119	0.144	0.008	-0.139	-0.361	-0.499
N	-0.379	0.421	-0.442	-0.198	-0.114	-0.179	-0.012	-0.039	-0.082
P	0.456	0.928	0.245	-0.193	0.061	-0.055	-0.023	0.834	0.053
Q	0.185	-0.251	0.311	-0.356	0.046	-0.165	-0.272	-0.037	-0.028
R	0.178	-1.782	-0.194	0.226	-0.427	-0.203	-0.572	0.285	1.456
S	-0.300	-0.697	-0.143	-0.065	0.036	-0.276	-0.069	0.085	0.089
T	-0.142	-0.151	0.238	-0.164	0.062	-0.074	0.045	-0.039	-0.201
V	-0.231	-0.392	0.648	-0.066	0.461	-0.268	0.130	0.061	-0.641
W	-0.011	0.830	0.030	0.038	-0.227	0.192	0.066	-0.093	-0.043
Y	-0.620	-0.613	-0.377	0.111	-0.309	0.333	0.142	-0.430	-0.331
Intercept	4.45257
