NumCols:	8
A	-0.055	-0.024	-0.007	-0.261	0.237	-0.045	-0.050	-0.007
C	0.003	0.085	-0.018	-0.371	0.048	0.005	0.009	-0.020
D	-0.006	-0.195	0.029	0.119	-0.494	-0.022	0.017	-0.010
E	-0.015	-0.099	0.009	0.036	-0.098	0.008	0.012	-0.005
F	0.011	0.304	-0.064	-0.506	0.018	0.100	0.104	-0.091
G	0.002	0.036	0.009	0.014	-0.912	-0.010	-0.040	-0.007
H	0.023	-0.052	0.015	0.205	-0.566	-0.034	-0.014	-0.028
I	-0.004	0.146	-0.056	-0.143	0.312	0.122	0.095	0.098
K	0.018	0.084	0.048	0.233	-0.040	-0.014	-0.040	0.058
L	-0.019	0.303	-0.026	-0.218	0.240	0.074	0.057	0.042
M	-0.005	0.127	-0.039	0.067	-0.083	0.039	0.049	0.028
N	-0.002	-0.148	0.039	0.095	0.075	-0.057	-0.032	-0.007
P	-0.015	0.158	0.070	-0.024	0.005	-0.019	-0.139	0.026
Q	-0.003	-0.041	0.031	0.128	-0.040	-0.031	-0.061	0.036
R	0.019	0.107	0.042	0.369	0.236	-0.035	-0.084	0.007
S	0.001	-0.597	0.007	0.350	0.333	-0.101	-0.055	0.020
T	-0.000	-0.411	0.011	0.170	0.201	-0.053	-0.016	0.015
V	-0.006	-0.091	-0.020	-0.085	0.480	0.045	0.045	0.048
W	0.034	0.054	-0.034	-0.130	0.017	0.023	0.057	-0.056
Y	0.020	0.255	-0.047	-0.048	0.032	0.005	0.086	-0.146
Intercept	4.52761
