NumCols:	8
A	-0.368	0.124	0.155	0.039	-0.523	0.247	0.064	-0.268
C	0.024	-0.080	0.010	0.033	-0.021	0.056	-0.176	0.048
D	0.205	-0.627	-0.077	0.040	0.105	-0.008	0.001	0.012
E	0.118	-0.654	-0.016	-0.074	0.068	0.061	-0.053	-0.085
F	-0.150	0.262	-0.181	-0.043	-0.088	0.020	-0.403	0.027
G	-0.194	-0.025	0.043	0.072	-0.217	0.236	-0.093	-0.036
H	0.069	0.144	-0.121	0.179	0.171	-0.139	0.008	0.209
I	0.066	0.300	0.091	-0.160	-0.076	-0.030	-0.101	-0.116
K	-0.020	0.298	0.183	0.079	0.132	0.134	0.063	0.195
L	0.097	0.306	0.095	-0.252	-0.093	-0.045	0.043	-0.319
M	0.111	0.215	-0.074	-0.151	0.063	-0.224	0.020	-0.024
N	0.108	-0.176	0.004	0.084	0.254	-0.206	0.046	0.052
P	0.098	-0.250	0.332	-0.138	0.004	0.255	0.130	-0.136
Q	0.089	-0.266	0.037	-0.143	0.161	-0.020	0.137	-0.054
R	-0.106	0.231	-0.277	0.202	0.132	-0.027	0.167	0.283
S	-0.196	-0.149	0.013	0.228	-0.077	0.119	0.031	0.015
T	-0.076	-0.047	0.128	0.134	-0.084	0.087	0.109	-0.062
V	0.004	0.199	0.176	-0.140	-0.248	-0.032	0.145	-0.276
W	0.214	-0.016	-0.140	0.013	0.218	-0.246	-0.109	0.232
Y	-0.096	0.214	-0.380	-0.004	0.117	-0.238	-0.027	0.303
Intercept	4.46747
