NumCols:	10
A	-0.028	0.130	-0.104	0.031	-0.282	0.000	-0.047	-0.048	-0.206	0.621
C	0.070	0.223	0.127	-0.009	-0.162	0.007	0.021	-0.022	-0.001	0.015
D	0.197	0.169	0.209	0.040	0.170	0.145	-0.034	0.252	0.428	0.166
E	0.297	0.560	0.173	0.017	0.125	0.158	-0.020	0.170	0.164	0.146
F	-0.284	-0.648	-0.600	-0.056	-0.087	-0.298	-0.016	-0.354	-0.364	-1.143
G	0.036	0.061	-0.086	-0.031	0.188	-0.097	-0.051	0.230	-0.036	0.157
H	-0.052	-0.055	0.006	-0.024	0.156	0.137	-0.025	0.235	0.099	-0.325
I	-0.178	-0.022	-0.359	-0.005	-0.279	-0.235	0.135	-0.091	0.012	-0.142
K	0.153	0.335	0.101	0.000	0.256	0.259	0.031	0.228	-0.072	0.193
L	0.011	-0.081	-0.078	-0.010	0.025	0.112	0.064	-0.297	-0.098	-0.241
M	-0.163	-0.495	-0.234	-0.040	-0.096	-0.095	0.027	-0.192	-0.012	-0.302
N	0.129	-0.054	0.096	-0.002	0.015	0.017	0.003	0.192	0.055	0.065
P	0.336	0.458	0.107	0.093	0.166	-0.028	0.013	-0.091	0.098	0.830
Q	0.234	0.288	0.323	0.006	0.301	0.085	-0.011	0.118	0.129	0.668
R	-0.007	0.434	0.559	0.025	0.305	0.225	-0.016	0.209	0.001	0.013
S	-0.009	0.024	-0.080	-0.004	0.055	-0.087	-0.070	0.196	0.163	0.551
T	0.010	-0.042	0.101	0.001	-0.073	-0.121	-0.068	0.018	0.104	0.511
V	-0.044	-0.003	-0.009	0.015	-0.212	-0.038	0.076	-0.133	0.017	0.359
W	-0.148	-0.432	0.053	-0.023	-0.183	-0.084	0.012	-0.282	0.000	-0.323
Y	-0.562	-0.851	-0.305	-0.025	-0.388	-0.062	-0.024	-0.338	-0.482	-1.819
Intercept	4.50653
