NumCols:	11
A	0.031	0.289	-0.278	0.054	0.206	-0.237	0.013	-0.013	-0.286	-0.044	0.478
C	0.005	-0.080	-0.023	-0.018	0.068	0.017	0.010	-0.001	-0.076	0.000	-0.095
D	0.014	0.005	0.081	0.048	0.142	0.075	0.027	0.000	0.063	0.008	-0.071
E	0.008	0.134	0.077	0.049	0.148	0.080	0.018	0.000	-0.030	0.011	-0.141
F	0.001	-0.373	-0.118	0.005	-0.004	-0.126	-0.004	-0.002	-0.213	0.004	-0.794
G	0.007	0.072	0.005	0.005	0.019	0.006	0.012	-0.001	-0.043	-0.003	0.051
H	0.004	-0.134	0.060	-0.035	-0.117	-0.003	-0.020	0.001	0.112	-0.002	-0.036
I	-0.004	0.061	0.023	0.025	0.056	0.095	0.008	0.001	-0.336	0.015	0.064
K	0.003	-0.022	-0.058	-0.055	-0.242	-0.104	-0.018	-0.001	0.225	-0.006	0.381
L	-0.012	0.029	-0.022	0.021	-0.099	0.004	-0.004	0.004	-0.048	0.012	-0.313
M	-0.005	-0.212	0.060	0.009	-0.033	-0.018	-0.012	0.002	-0.012	0.010	-0.049
N	0.000	-0.034	0.052	-0.008	-0.077	0.069	-0.002	0.005	0.124	0.008	-0.087
P	0.019	-0.102	0.052	-0.060	0.087	0.128	0.025	0.002	0.091	0.018	-0.204
Q	-0.001	0.212	0.206	0.006	-0.044	0.172	-0.003	0.005	0.169	0.011	0.004
R	-0.005	-0.100	0.085	-0.060	-0.186	0.013	-0.032	-0.003	0.272	-0.017	0.166
S	-0.012	0.348	0.004	0.025	-0.017	-0.013	-0.009	-0.001	0.056	-0.023	0.377
T	-0.009	0.376	-0.014	0.026	0.055	-0.081	0.003	-0.003	-0.038	-0.024	0.327
V	-0.013	0.296	-0.165	0.048	0.080	-0.090	0.007	-0.002	-0.179	-0.003	0.220
W	-0.013	-0.374	0.025	-0.059	-0.011	0.041	-0.007	0.005	0.084	0.016	-0.190
Y	-0.017	-0.393	-0.051	-0.025	-0.032	-0.026	-0.011	0.003	0.061	0.008	-0.090
Intercept	4.15411
