NumCols:	9
A	-0.032	0.471	-0.004	-0.001	-0.085	-0.189	-0.129	-0.178	-0.993
C	-0.172	0.519	0.097	-0.385	-0.025	0.098	-0.151	-0.031	-0.124
D	0.787	0.709	-0.073	-0.379	-0.183	0.006	0.002	0.187	0.247
E	0.780	0.499	0.193	-0.630	-0.063	-0.071	0.287	-0.133	0.113
F	-0.722	0.018	-0.187	-0.023	0.146	-0.146	-0.380	-0.035	0.178
G	-0.231	0.579	-0.067	-0.048	-0.104	0.069	0.483	-0.246	0.107
H	-0.037	0.724	0.326	0.011	0.142	0.073	-0.331	-0.063	1.011
I	-0.051	-1.042	-0.268	0.300	0.148	-0.305	-0.088	0.182	-1.269
K	-0.336	0.535	0.453	0.161	0.122	0.331	0.579	0.336	0.838
L	-0.235	-1.878	-0.305	0.192	0.000	-0.277	0.292	0.211	-1.187
M	-0.173	-1.980	-0.439	0.247	0.169	-0.098	-0.074	0.121	-0.543
N	-0.102	0.112	0.085	-0.094	-0.304	0.068	-0.016	0.082	0.346
P	1.040	0.898	0.171	-0.066	0.119	0.129	-0.025	-0.490	-0.004
Q	0.246	-0.869	-0.347	0.171	0.122	0.122	0.192	0.081	0.514
R	0.017	0.826	0.737	0.141	0.531	0.610	0.275	0.308	1.390
S	0.002	0.075	0.133	0.055	-0.008	-0.207	0.141	-0.050	0.168
T	0.132	-0.350	0.176	0.173	-0.142	-0.107	0.187	-0.193	-0.266
V	-0.139	-0.738	-0.099	0.125	-0.085	-0.325	-0.212	0.017	-1.705
W	-0.176	0.228	-0.265	0.137	-0.288	0.320	-0.433	0.183	0.411
Y	-0.598	0.663	-0.317	-0.085	-0.210	-0.102	-0.602	-0.289	0.768
Intercept	5.28683
