NumCols:	9
A	-0.368	-0.016	-0.082	-0.158	-0.145	-0.225	-0.031	-0.022	0.296
C	-0.129	-0.259	0.116	-0.103	-0.053	0.017	0.058	-0.052	-0.283
D	0.080	-0.518	0.423	-0.065	0.090	0.191	0.230	0.078	0.289
E	0.049	-1.511	0.287	0.033	0.028	0.204	0.168	0.081	0.227
F	0.060	-0.049	-0.188	0.076	0.038	0.155	0.211	0.053	-0.498
G	-0.111	0.141	0.062	0.140	0.105	-0.054	0.375	0.043	0.134
H	0.008	0.305	0.069	-0.066	0.073	0.071	-0.018	-0.209	0.155
I	0.076	-0.018	-0.184	-0.096	0.072	0.029	0.016	0.143	-0.613
K	0.095	0.366	0.110	0.120	0.159	0.147	-0.131	-0.027	0.149
L	0.050	0.046	-0.126	-0.157	-0.110	0.042	-0.165	-0.045	-0.075
M	-0.345	0.131	-0.604	0.059	-0.095	0.026	-0.031	-0.105	-0.287
N	-0.116	0.056	-0.416	-0.045	0.019	0.043	0.125	-0.044	0.064
P	0.566	0.187	0.536	0.135	-0.132	0.047	-0.119	0.108	0.632
Q	0.021	-0.095	-0.037	-0.104	0.026	-0.294	-0.283	-0.132	0.414
R	0.116	0.195	0.241	0.191	0.136	0.189	-0.264	-0.071	0.409
S	-0.226	0.255	-0.152	-0.093	-0.079	-0.211	-0.068	-0.020	0.468
T	-0.047	0.250	-0.050	-0.011	0.056	-0.227	0.073	0.050	0.401
V	0.148	0.144	-0.019	0.004	-0.062	-0.174	0.010	0.230	0.006
W	0.063	0.101	-0.081	0.049	-0.128	0.070	-0.191	-0.114	-1.192
Y	0.010	0.290	0.098	0.092	0.003	-0.043	0.037	0.055	-0.696
Intercept	4.85468
