NumCols:	11
A	-0.007	-0.462	0.071	0.057	-0.001	0.007	-0.009	0.067	-0.012	0.114	0.525
C	0.007	0.127	0.015	-0.022	-0.002	0.007	-0.154	-0.034	-0.013	0.009	0.212
D	0.054	0.308	0.048	-0.034	0.000	0.009	-0.205	0.125	-0.020	0.073	-0.046
E	0.068	0.324	0.014	-0.019	0.001	0.004	-0.167	0.570	0.016	0.042	-0.160
F	0.020	-0.056	-0.089	-0.043	-0.003	-0.005	0.006	-0.161	-0.002	-0.186	-0.049
G	-0.001	-0.063	0.021	0.013	-0.001	0.009	-0.006	0.200	0.003	0.004	-0.143
H	-0.072	0.125	0.005	-0.001	0.001	-0.009	0.257	-0.421	0.012	0.103	-0.349
I	0.094	-0.319	-0.114	0.004	0.002	0.009	-0.117	-0.386	0.027	-0.258	0.984
K	-0.180	-0.037	-0.027	0.058	0.003	0.009	0.389	-0.225	0.046	0.045	0.063
L	0.046	0.050	-0.110	0.002	0.001	-0.002	-0.142	0.161	0.050	-0.263	0.482
M	0.013	-0.201	-0.080	-0.004	0.002	-0.003	0.042	-0.128	0.061	-0.169	0.259
N	0.012	0.162	0.028	-0.033	-0.001	-0.004	-0.037	-1.583	0.005	0.046	-0.298
P	0.050	0.312	0.081	-0.023	-0.008	0.030	-0.315	0.500	-0.070	0.143	0.058
Q	0.027	0.231	0.036	0.012	0.000	-0.000	-0.020	0.217	0.014	0.091	-0.638
R	-0.192	0.060	0.031	0.070	0.003	0.010	0.540	-0.068	0.040	0.211	0.147
S	-0.010	-0.219	0.057	0.044	0.006	-0.013	0.193	0.154	-0.006	0.112	-0.088
T	0.027	-0.088	0.059	0.029	0.002	-0.026	-0.024	0.197	-0.042	0.093	-0.067
V	0.071	-0.354	-0.015	0.028	0.003	-0.007	-0.311	0.446	-0.018	-0.131	0.494
W	0.004	0.122	-0.016	-0.065	-0.002	-0.015	-0.087	0.251	-0.048	-0.052	0.314
Y	-0.030	-0.023	-0.015	-0.074	-0.006	-0.010	0.167	0.116	-0.044	-0.026	-1.701
Intercept	3.86981
