NumCols:	8
A	0.326	-0.133	0.028	0.146	0.026	0.090	-0.066	0.146
C	-0.055	0.072	0.133	-0.028	0.147	-0.066	0.052	0.036
D	-0.038	0.157	0.156	-0.160	0.169	-0.070	0.101	-0.004
E	-0.065	0.078	0.168	-0.129	0.211	-0.107	0.094	-0.063
F	-0.433	0.064	0.223	-0.180	0.207	-0.027	0.081	-0.065
G	0.022	0.051	0.018	0.040	0.013	-0.124	-0.042	0.058
H	0.019	0.175	-0.190	0.028	-0.177	-0.030	0.066	0.127
I	-0.156	-0.380	0.175	-0.102	0.088	0.187	-0.167	-0.230
K	0.338	0.038	-0.598	-0.128	-0.772	0.109	-0.136	0.253
L	-0.150	-0.258	0.167	-0.107	0.100	0.115	-0.110	-0.344
M	-0.193	-0.075	0.142	-0.069	0.000	0.086	-0.076	-0.239
N	-0.084	0.128	0.114	0.064	0.080	0.013	0.069	-0.048
P	0.243	-0.205	-0.050	0.173	0.227	-0.149	-0.022	0.051
Q	0.072	0.018	0.001	0.173	-0.032	-0.097	-0.017	-0.078
R	0.446	0.201	-0.558	0.038	-0.752	0.072	-0.178	0.355
S	0.149	0.104	-0.062	0.151	-0.053	0.033	0.017	0.083
T	0.095	0.025	-0.079	0.106	0.084	0.065	0.046	0.025
V	0.047	-0.185	0.078	0.047	0.200	0.201	-0.074	-0.122
W	-0.298	0.094	0.167	-0.053	0.169	-0.158	0.123	-0.071
Y	-0.285	0.032	-0.033	-0.012	0.065	-0.144	0.240	0.131
Intercept	4.08066
