NumCols:	9
A	-0.080	0.043	0.004	-0.044	-0.015	-0.015	-0.009	0.002	-0.077
C	-0.008	0.010	0.007	-0.004	-0.014	-0.029	-0.002	0.006	0.001
D	-0.006	0.013	0.012	0.023	0.004	-0.004	-0.004	-0.008	-0.004
E	-0.003	0.007	0.008	0.007	-0.004	-0.010	-0.000	-0.003	-0.001
F	0.027	0.018	0.012	-0.009	-0.044	-0.019	-0.001	0.026	0.043
G	-0.041	0.001	0.005	0.003	0.004	-0.038	0.005	-0.001	-0.009
H	0.020	-0.012	-0.021	-0.006	0.023	0.019	0.015	0.006	0.031
I	0.014	0.017	-0.013	0.006	-0.037	-0.008	-0.007	0.013	0.002
K	0.000	0.004	-0.028	-0.017	0.026	0.024	0.009	0.009	0.016
L	0.027	-0.010	-0.008	0.011	-0.025	0.002	-0.001	0.013	0.028
M	0.030	-0.035	-0.004	0.002	-0.017	0.006	-0.013	0.012	0.031
N	0.010	-0.024	0.010	0.023	0.009	0.004	0.005	-0.007	0.015
P	-0.028	0.034	0.006	0.043	0.024	0.011	-0.047	-0.040	-0.041
Q	0.010	-0.067	-0.001	0.022	0.019	0.011	0.003	-0.017	0.004
R	0.023	-0.007	-0.038	-0.040	0.044	0.043	0.009	0.007	0.020
S	-0.026	-0.010	-0.001	0.002	0.018	0.008	0.029	-0.024	-0.023
T	-0.019	0.005	0.007	0.005	0.010	0.005	0.020	-0.016	-0.037
V	-0.005	0.025	0.004	0.001	-0.012	-0.009	-0.001	-0.001	-0.059
W	0.035	-0.013	0.017	0.004	-0.024	-0.002	-0.006	0.006	0.027
Y	0.018	0.001	0.020	-0.032	0.010	-0.001	-0.002	0.018	0.033
Intercept	3.70901
