NumCols:	9
A	0.202	-0.302	-0.120	-0.074	0.218	0.065	0.130	-0.127	-0.341
C	-0.151	0.137	-0.166	-0.035	0.028	0.035	-0.156	0.016	-0.012
D	0.207	0.126	-0.981	-0.088	0.176	-0.012	0.046	0.083	0.478
E	0.177	0.387	-0.413	-0.010	0.083	0.101	-0.014	0.037	0.355
F	-0.334	-0.015	0.172	-0.026	-0.147	-0.083	-0.134	-0.226	-0.504
G	0.239	0.091	0.091	0.143	0.071	0.009	0.095	0.074	0.210
H	-0.029	0.389	0.053	0.052	-0.049	-0.059	-0.124	0.070	0.158
I	0.083	-0.254	0.035	0.001	-0.060	0.096	-0.096	-0.026	-0.276
K	0.205	0.666	0.435	0.164	0.068	0.254	0.371	0.149	0.028
L	-0.218	-0.151	0.265	-0.048	-0.132	-0.007	-0.350	-0.300	-0.256
M	-0.211	-0.249	-0.048	-0.165	-0.079	-0.049	-0.157	-0.136	-0.247
N	-0.065	0.260	-0.158	-0.038	-0.024	-0.125	-0.073	0.223	0.280
P	0.066	0.373	0.307	0.082	0.281	0.008	0.268	0.028	0.775
Q	0.071	0.153	-0.011	0.045	-0.022	-0.048	-0.042	0.248	0.652
R	0.230	0.300	0.279	0.071	0.110	0.126	0.451	-0.009	0.188
S	0.162	-0.927	-0.222	-0.111	-0.021	-0.021	-0.018	0.070	0.245
T	0.071	-0.995	0.047	-0.064	-0.023	-0.164	-0.026	0.068	0.123
V	-0.036	-0.269	0.237	0.018	-0.034	0.002	-0.010	0.008	-0.316
W	-0.317	0.078	0.149	-0.006	-0.208	-0.106	-0.099	0.051	-0.089
Y	-0.353	0.203	0.048	0.087	-0.235	-0.021	-0.062	-0.301	-1.451
Intercept	5.08242
