NumCols:	10
A	0.308	-0.023	0.000	-0.013	0.032	-0.074	0.001	-0.003	-0.115	0.061
C	0.016	-0.024	-0.033	-0.020	0.003	-0.051	-0.008	-0.017	0.006	0.103
D	0.295	-0.053	0.118	0.049	0.060	-0.009	0.010	-0.008	0.025	0.440
E	0.162	0.003	0.135	0.047	-0.037	-0.030	-0.021	0.007	0.009	0.374
F	-0.468	0.031	-0.258	-0.034	-0.090	0.033	-0.001	0.016	0.039	-0.617
G	0.301	0.005	0.192	0.008	-0.006	-0.011	0.011	0.028	0.002	0.114
H	-0.027	0.058	-0.105	0.063	0.061	0.052	0.051	-0.003	0.034	0.161
I	-0.208	0.058	-0.169	-0.075	-0.068	0.009	-0.047	0.043	-0.030	-0.876
K	0.404	0.075	0.099	0.073	0.126	0.137	0.130	0.032	0.060	-0.078
L	-0.322	0.118	-0.057	-0.031	-0.004	0.001	-0.063	0.009	0.008	-0.535
M	-0.461	0.096	-0.058	-0.060	-0.070	0.023	-0.038	0.006	0.031	-0.448
N	0.196	-0.003	0.098	0.001	0.068	-0.029	-0.013	-0.001	0.018	0.305
P	0.308	-0.540	0.193	-0.014	0.028	-0.139	-0.029	-0.044	-0.115	0.519
Q	0.085	-0.053	0.142	-0.006	-0.076	-0.038	-0.071	-0.014	0.009	0.569
R	0.174	-0.002	-0.038	0.080	0.089	0.147	0.147	-0.027	0.057	0.282
S	0.254	0.107	0.184	0.021	-0.026	0.020	-0.004	-0.014	-0.012	0.140
T	0.107	0.073	0.042	0.017	-0.004	-0.001	-0.030	-0.013	-0.035	0.077
V	-0.192	0.042	0.003	-0.051	0.018	-0.028	-0.038	0.008	-0.077	-0.523
W	-0.476	-0.027	-0.106	-0.039	-0.084	-0.016	-0.025	-0.021	0.061	-0.196
Y	-0.455	0.061	-0.382	-0.016	-0.021	0.004	0.039	0.016	0.026	0.129
Intercept	4.89945
