NumCols:	9
A	0.298	-0.139	0.048	0.040	-0.032	-0.061	-0.141	-0.108	0.508
C	0.023	0.064	0.035	0.148	0.035	0.058	0.048	-0.030	-0.124
D	-0.045	0.110	0.233	0.252	0.267	0.315	0.179	0.248	-0.019
E	0.069	0.183	0.161	0.101	0.251	0.141	-0.037	0.144	-0.051
F	-0.426	-0.050	0.060	0.228	-0.016	-0.165	-0.338	-0.154	-0.568
G	0.256	0.082	-0.006	0.218	0.083	0.078	0.117	-0.151	0.084
H	-0.192	0.109	-0.081	-0.081	-0.108	-0.008	-0.117	0.042	0.006
I	0.101	0.006	0.016	0.024	0.007	0.023	0.132	0.072	-0.223
K	0.227	0.115	-0.606	-0.111	-0.605	-0.075	0.231	0.170	0.229
L	-0.029	-0.368	-0.025	-0.047	0.058	0.151	-0.046	0.115	-0.258
M	-0.348	-0.603	-0.069	-0.086	0.039	0.180	0.064	-0.122	-0.095
N	-0.119	-0.000	-0.059	0.110	0.197	-0.009	0.021	0.145	-0.068
P	0.503	-0.395	0.478	0.054	0.225	-0.050	0.062	-0.117	0.168
Q	0.139	0.059	0.024	-0.159	0.201	-0.080	0.088	0.031	0.099
R	0.162	0.154	-0.432	-0.362	-0.684	-0.270	0.298	-0.039	0.299
S	0.109	0.061	-0.018	-0.179	0.131	0.013	0.124	-0.038	0.325
T	-0.003	0.276	0.115	-0.257	0.182	-0.154	-0.044	-0.026	0.243
V	0.204	0.214	0.170	-0.045	0.071	0.039	-0.103	0.031	0.028
W	-0.348	0.116	0.071	0.156	-0.018	0.077	-0.165	-0.098	-0.462
Y	-0.581	0.007	-0.114	-0.005	-0.283	-0.203	-0.373	-0.114	-0.121
Intercept	5.27892
