NumCols:	11
A	-0.106	0.607	0.007	-0.697	0.022	-0.024	0.273	0.044	0.064	0.186	-0.232
C	0.046	0.088	-0.051	-0.192	0.006	0.007	0.179	-0.022	0.042	0.042	0.135
D	0.213	0.315	0.070	-0.314	0.016	0.021	0.470	-0.015	0.051	-0.032	0.111
E	0.163	0.220	0.049	-0.691	0.006	0.020	0.048	-0.038	0.048	-0.148	0.071
F	-0.142	-0.194	-0.334	-0.085	-0.009	0.025	-0.223	-0.028	-0.104	0.058	-0.174
G	-0.049	0.175	0.244	-0.181	-0.003	0.007	-0.013	0.035	0.068	0.011	0.036
H	-0.053	-0.071	0.191	0.471	-0.012	0.019	-0.191	0.054	0.051	0.022	0.474
I	-0.071	-0.400	-0.644	-0.026	0.003	-0.034	-0.568	-0.073	-0.209	-0.025	-0.817
K	-0.193	0.025	0.319	0.132	-0.005	0.006	0.137	0.101	0.101	0.030	0.552
L	-0.011	-0.503	-0.472	0.083	-0.012	-0.010	-0.659	-0.112	-0.166	-0.000	-0.307
M	-0.068	-0.729	-0.473	0.494	-0.020	0.002	0.036	-0.037	-0.115	0.095	-0.079
N	0.153	-0.129	0.060	0.105	-0.017	0.009	0.214	-0.028	-0.004	0.120	0.185
P	0.234	0.530	0.190	-0.645	0.035	-0.002	0.185	-0.042	0.014	-0.215	-0.032
Q	-0.093	-0.035	0.180	0.029	-0.000	0.009	0.172	-0.030	0.026	-0.019	0.200
R	-0.091	0.205	0.584	0.396	-0.011	0.014	0.551	0.132	0.111	-0.010	0.786
S	0.020	0.082	0.268	0.216	0.003	-0.007	0.002	0.039	0.062	0.114	0.049
T	0.104	0.283	0.119	0.155	0.007	-0.030	-0.042	0.021	0.036	0.029	-0.272
V	0.082	0.011	-0.310	0.217	0.008	-0.047	-0.432	-0.036	-0.063	0.078	-0.913
W	-0.053	-0.309	-0.102	0.285	-0.002	0.006	0.150	-0.017	-0.015	-0.053	0.166
Y	-0.085	-0.172	0.107	0.249	-0.013	0.011	-0.289	0.054	0.001	-0.284	0.060
Intercept	4.25318
