NumCols:	9
A	0.253	0.037	0.051	0.087	0.172	-0.487	-0.228	0.035	-0.235
C	-0.052	0.179	0.006	0.011	0.023	-0.128	-0.069	-0.049	-0.016
D	-0.091	0.527	0.003	0.021	0.007	-0.078	-0.174	-0.030	-0.002
E	-0.153	0.614	-0.001	-0.026	0.007	-0.058	-0.277	-0.120	-0.011
F	-0.169	0.133	-0.038	-0.044	0.023	0.201	-0.206	-0.077	0.091
G	-0.035	-0.083	0.014	0.069	-0.004	0.106	-0.058	-0.181	-0.036
H	0.239	-0.219	0.009	-0.073	-0.038	0.285	0.322	0.271	0.068
I	0.231	0.171	-0.004	0.035	-0.023	0.123	0.577	-0.148	-0.084
K	-0.072	-0.448	0.017	-0.059	-0.012	0.479	0.031	0.360	-0.016
L	0.249	0.228	-0.023	-0.014	-0.058	0.285	-0.001	-0.075	0.028
M	0.397	-0.719	-0.026	-0.022	-0.037	0.072	0.135	0.004	0.096
N	-0.045	-0.091	0.006	0.045	-0.016	0.186	0.038	-0.049	0.069
P	-0.358	0.114	0.010	-0.019	0.019	-0.432	-0.426	-0.199	-0.093
Q	-0.502	-0.968	-0.000	0.026	-0.027	-0.023	-0.116	-0.055	0.021
R	-0.134	-1.125	-0.011	-0.142	0.012	0.028	-0.016	0.734	-0.003
S	0.188	0.057	0.037	0.079	0.089	-0.286	0.242	-0.353	-0.028
T	0.070	0.589	0.028	0.053	0.039	0.223	0.088	0.138	-0.028
V	0.194	0.566	0.010	0.045	0.002	-0.078	-0.013	-0.073	-0.016
W	-0.236	0.084	-0.021	-0.005	-0.076	-0.285	-0.001	-0.008	0.114
Y	0.027	0.355	-0.066	-0.068	-0.101	-0.133	0.152	-0.125	0.083
Intercept	1.48487
