NumCols:	9
A	-0.045	0.129	-0.080	-0.123	0.004	-0.112	0.079	0.083	0.079
C	0.003	0.327	0.228	0.023	0.054	0.139	0.068	0.034	0.170
D	0.571	0.469	0.533	0.132	0.180	0.279	0.256	0.324	0.439
E	0.523	0.424	0.602	0.036	0.248	0.213	0.068	0.133	0.515
F	-0.258	0.371	-0.388	-0.118	-0.190	-0.153	-0.120	-0.025	-0.439
G	-0.135	0.288	0.372	-0.093	0.160	-0.000	0.049	-0.065	0.323
H	-0.236	-0.022	-0.141	-0.033	0.083	0.050	-0.162	-0.030	-0.184
I	0.016	0.350	-0.101	0.088	-0.202	-0.130	-0.033	0.120	-0.326
K	-0.317	-0.532	0.093	0.055	0.106	0.063	0.091	-0.070	-0.505
L	0.031	0.026	-0.286	-0.039	-0.230	-0.075	-0.191	-0.216	-0.399
M	-0.052	-0.398	-0.425	-0.041	-0.120	-0.045	0.045	-0.154	-0.475
N	0.262	0.089	0.037	-0.047	0.058	-0.059	0.095	0.034	0.172
P	0.570	0.612	0.331	0.116	0.188	0.092	0.045	-0.095	0.565
Q	0.064	-0.808	-0.055	0.030	0.077	0.007	0.117	-0.021	0.384
R	-0.768	-1.818	0.076	-0.155	-0.078	-0.056	-0.062	-0.042	-0.411
S	-0.005	-0.067	0.135	-0.010	0.126	0.067	0.014	-0.123	0.229
T	0.157	0.192	0.034	0.065	0.017	0.072	-0.001	0.024	0.260
V	0.203	0.208	-0.056	0.084	-0.071	-0.103	-0.032	0.098	-0.033
W	-0.226	-0.027	-0.630	-0.000	-0.287	-0.146	-0.124	-0.010	-0.066
Y	-0.358	0.187	-0.278	0.029	-0.123	-0.103	-0.201	0.001	-0.298
Intercept	4.85457
