NumCols:	9
A	-0.039	0.060	0.003	0.005	-0.110	0.089	-0.003	0.035	0.223
C	0.049	0.039	0.000	-0.003	0.002	-0.089	0.047	0.006	-0.128
D	0.106	-0.024	0.001	-0.005	0.101	0.048	-0.001	0.011	0.007
E	0.105	-0.007	0.001	-0.010	0.085	-0.114	0.042	0.016	-0.017
F	0.117	0.077	-0.001	-0.005	0.029	-0.299	0.017	-0.006	-0.675
G	-0.082	0.006	0.001	0.002	-0.047	0.006	0.161	0.010	0.013
H	-0.069	-0.019	-0.001	0.004	0.115	0.092	0.012	-0.014	-0.043
I	-0.027	0.082	-0.002	-0.004	-0.247	-0.393	0.049	-0.003	-0.104
K	-0.375	0.046	-0.002	0.009	0.084	0.230	0.027	-0.013	0.187
L	0.006	0.043	-0.001	-0.002	0.064	0.064	0.047	-0.002	-0.021
M	0.011	0.027	-0.002	-0.002	0.018	-0.050	-0.011	-0.009	0.052
N	0.052	-0.045	0.000	-0.005	0.061	0.079	0.094	-0.002	0.014
P	0.026	-0.008	0.003	0.008	-0.094	0.181	-0.027	0.016	0.254
Q	0.086	-0.067	0.001	0.004	0.030	0.151	-0.124	0.004	0.228
R	-0.209	0.020	-0.000	0.012	0.091	0.150	0.007	-0.019	0.160
S	0.017	-0.114	0.001	0.005	-0.062	0.152	-0.039	0.012	0.202
T	0.057	-0.122	0.000	0.004	-0.044	0.104	-0.036	0.012	0.169
V	-0.010	-0.002	-0.000	0.001	-0.171	-0.097	-0.056	0.005	0.071
W	0.106	-0.012	-0.001	-0.006	0.019	-0.153	-0.056	-0.018	-0.274
Y	0.071	0.021	-0.002	-0.011	0.074	-0.150	-0.151	-0.043	-0.317
Intercept	4.3782
