NumCols:	9
A	0.376	-0.568	-0.238	-0.032	-0.005	-0.063	-0.054	-0.126	-0.610
C	0.111	0.108	-0.058	-0.121	0.063	0.171	0.001	0.055	0.257
D	-0.308	0.226	-0.109	-0.229	0.139	0.323	0.188	0.265	0.397
E	-0.589	0.522	0.220	-0.326	0.436	0.298	0.229	0.071	0.373
F	-0.364	0.168	-0.321	-0.030	-0.266	-0.276	-0.383	-0.214	0.007
G	0.495	0.055	0.244	-0.055	-0.003	0.084	0.160	-0.178	0.261
H	-0.231	0.735	0.220	0.073	-0.009	0.040	-0.452	0.034	0.787
I	0.094	-0.565	-0.291	0.152	-0.109	-0.125	-0.237	0.427	-0.993
K	0.486	0.597	0.426	0.120	0.392	0.150	0.446	0.082	0.333
L	0.085	-0.412	-0.398	0.140	-0.016	-0.126	0.110	-0.033	-0.856
M	-0.445	-0.444	-0.497	0.141	0.084	-0.344	-0.117	-0.144	-0.836
N	-0.353	0.204	0.010	0.132	-0.071	-0.073	0.092	-0.126	0.389
P	0.715	-0.369	0.414	-0.037	-0.324	0.067	-0.171	-0.254	0.170
Q	-0.071	0.314	0.299	0.077	0.016	0.140	0.252	-0.046	0.426
R	0.443	1.024	0.681	0.058	0.352	0.245	0.299	0.188	0.648
S	-0.075	-0.505	0.114	-0.049	0.090	-0.067	0.122	0.055	0.251
T	-0.110	-0.966	0.239	0.057	-0.130	-0.159	0.109	-0.004	-0.134
V	0.431	-0.923	-0.066	0.152	-0.104	-0.194	-0.028	0.167	-1.529
W	-0.261	0.475	-0.439	-0.201	-0.416	0.011	-0.283	0.079	0.260
Y	-0.430	0.324	-0.450	-0.020	-0.118	-0.100	-0.282	-0.299	0.399
Intercept	4.90648
