NumCols:	11
A	0.036	0.318	-0.153	-0.831	0.070	-0.161	-0.226	-0.135	-0.002	-0.091	-0.503
C	-0.002	0.050	0.020	-0.168	-0.008	0.047	-0.069	0.022	0.002	0.063	0.075
D	0.058	0.507	-0.027	-0.287	0.030	-0.207	0.127	-0.026	-0.003	0.103	0.029
E	-0.089	0.313	0.037	-0.361	-0.005	-0.092	0.033	-0.126	0.001	0.046	-0.139
F	-0.138	-0.295	-0.203	-0.302	-0.011	0.336	-0.057	0.257	0.000	-0.060	-0.004
G	0.028	0.029	0.039	0.313	0.019	-0.070	-0.089	0.032	0.002	0.154	-0.019
H	0.065	-0.091	0.142	0.211	-0.058	0.015	0.063	0.158	0.016	0.137	0.485
I	-0.180	-0.190	-0.269	-0.209	0.059	0.189	-0.210	-0.318	-0.021	-0.134	-0.695
K	0.172	0.019	0.128	-0.363	-0.031	0.087	-0.021	0.135	0.019	0.067	0.409
L	-0.227	-0.472	-0.212	-0.187	-0.014	0.343	-0.032	-0.223	-0.019	-0.053	-0.235
M	-0.224	-0.528	-0.130	0.098	-0.006	0.170	0.014	-0.052	-0.001	0.125	0.007
N	0.198	-0.091	0.075	0.417	-0.051	-0.248	0.116	0.008	-0.006	0.298	0.225
P	0.252	0.685	-0.028	-0.160	0.002	-0.129	-0.017	-0.080	-0.016	-0.463	-0.167
Q	-0.169	-0.061	0.247	0.518	-0.022	-0.034	0.134	-0.167	0.001	-0.046	0.116
R	0.043	0.191	0.351	0.664	-0.035	-0.083	0.037	0.280	0.022	-0.129	0.658
S	0.115	-0.052	0.130	0.132	0.055	-0.222	0.088	0.008	0.009	0.043	0.074
T	0.108	0.194	0.042	-0.013	0.042	-0.223	0.095	-0.047	0.004	0.048	-0.115
V	0.093	0.041	-0.166	-0.019	0.048	0.087	-0.099	-0.205	-0.029	-0.099	-0.794
W	-0.028	-0.269	0.016	0.220	-0.045	0.084	0.076	0.150	0.007	0.012	0.483
Y	-0.111	-0.300	-0.040	0.326	-0.037	0.110	0.039	0.330	0.014	-0.020	0.110
Intercept	4.02827
