NumCols:	8
A	-0.236	0.488	0.115	0.094	0.017	-0.159	-0.146	-0.045
C	0.230	0.161	0.050	-0.024	0.044	-0.011	0.006	0.055
D	0.224	-0.056	0.065	-0.035	0.107	0.082	0.018	0.010
E	0.312	0.299	0.166	-0.029	0.070	-0.013	-0.013	0.011
F	0.308	0.064	-0.087	-0.115	-0.027	-0.277	0.062	0.219
G	0.323	0.220	0.095	0.016	-0.001	0.104	-0.004	0.067
H	-0.198	0.126	-0.127	0.050	-0.129	-0.568	-0.000	0.235
I	0.225	-0.097	-0.019	-0.089	0.108	0.227	0.071	-0.450
K	-0.394	-0.006	-0.223	0.136	-0.234	-0.046	-0.026	0.107
L	-0.225	-0.272	0.056	-0.131	0.018	-0.077	-0.022	-0.191
M	0.253	-0.004	-0.173	-0.075	-0.024	0.133	-0.008	-0.281
N	0.162	0.133	0.010	-0.009	0.056	0.107	-0.001	0.034
P	0.058	-1.464	0.015	-0.030	0.254	-0.048	0.134	-0.096
Q	0.148	-0.030	0.182	0.009	0.049	-0.026	-0.011	-0.067
R	-0.280	0.073	-0.205	0.171	-0.372	-0.096	-0.042	0.194
S	-0.292	0.227	0.097	0.137	-0.044	0.017	-0.045	0.002
T	-0.501	0.236	0.045	0.092	0.042	0.008	-0.065	-0.106
V	-0.532	0.013	0.088	-0.014	0.094	0.305	-0.016	-0.410
W	0.252	-0.087	-0.036	-0.079	0.031	0.238	0.073	0.031
Y	0.165	-0.023	-0.113	-0.077	-0.058	0.099	0.037	0.683
Intercept	4.64764
