NumCols:	11
A	0.282	-0.243	-0.132	-0.171	0.027	-0.467	0.210	0.432	-0.150	-0.067	0.131
C	-0.023	0.021	0.009	-0.135	-0.008	-0.031	-0.123	0.028	-0.040	-0.057	-0.057
D	0.029	0.048	0.046	-0.002	0.001	-0.068	-0.004	0.019	0.138	-0.106	-0.014
E	-0.036	0.070	0.031	0.007	-0.015	-0.017	0.070	0.013	0.060	-0.165	0.023
F	-0.290	0.075	-0.066	-0.469	-0.077	0.319	0.083	-0.106	-0.318	-0.118	-0.381
G	0.081	-0.002	0.029	-0.031	0.001	0.007	-0.134	0.094	0.028	0.067	-0.004
H	-0.031	0.181	0.065	0.303	-0.003	0.079	-0.206	-0.095	0.143	0.096	-0.196
I	-0.259	-0.060	-0.131	-0.475	-0.021	0.167	0.226	-0.291	-0.379	-0.099	0.366
K	0.250	0.112	0.046	0.147	0.007	0.198	0.062	-0.221	-0.037	0.139	0.127
L	-0.340	-0.110	-0.093	-0.251	-0.026	0.206	0.264	0.264	-0.207	-0.001	0.166
M	-0.315	0.031	-0.021	0.012	-0.018	0.105	0.025	0.019	-0.103	0.042	0.063
N	-0.029	0.056	0.079	0.291	0.017	-0.001	-0.334	0.237	0.172	0.081	-0.038
P	0.313	-0.452	0.060	-0.659	0.037	-0.014	0.308	0.019	0.082	-0.187	0.253
Q	0.063	0.007	0.137	0.379	0.030	0.030	0.086	-0.058	0.187	0.060	0.240
R	0.507	0.240	0.036	0.325	0.013	0.213	0.140	-0.510	0.049	0.136	0.043
S	0.153	0.096	-0.028	0.485	0.031	-0.438	-0.414	0.294	0.239	0.145	0.099
T	0.079	-0.032	-0.060	0.264	0.039	-0.448	-0.132	0.215	0.259	0.092	0.049
V	-0.151	-0.244	-0.196	-0.333	0.010	-0.174	0.251	0.255	-0.306	0.004	0.212
W	-0.183	0.089	0.060	0.023	-0.017	0.136	-0.134	-0.190	0.084	-0.015	-0.181
Y	-0.102	0.117	0.127	0.289	-0.028	0.199	-0.245	-0.418	0.097	-0.047	-0.900
Intercept	4.27325
