NumCols:	9
A	-0.206	-1.332	-0.096	-0.125	-0.096	-0.169	-0.339	0.021	1.310
C	0.112	0.164	0.089	0.055	0.212	0.167	-0.156	0.095	-0.210
D	1.244	0.500	0.853	0.042	0.323	-0.055	0.597	0.285	0.105
E	0.649	0.895	0.482	-0.057	0.181	0.130	0.493	0.011	0.194
F	-0.137	0.614	-0.544	-0.167	0.094	0.207	-0.202	0.287	-1.457
G	0.059	-0.224	0.373	-0.128	0.024	-0.187	-0.015	-0.230	0.461
H	-0.165	0.852	-0.186	-0.027	0.035	-0.120	-0.108	0.062	0.299
I	-0.602	-0.402	-0.376	-0.173	0.170	-0.066	0.087	-0.084	-0.911
K	-0.555	0.950	0.273	0.058	0.144	0.156	0.127	-0.055	1.244
L	-0.349	0.054	-0.204	-0.078	0.028	-0.061	-0.468	-0.118	-0.972
M	-0.745	-0.446	-0.070	0.009	-0.313	-0.378	-0.250	0.010	-1.008
N	0.741	0.117	0.134	0.221	-0.116	0.037	0.299	0.129	-0.052
P	1.301	0.636	0.797	-0.152	-0.228	0.102	-0.213	-0.054	0.538
Q	0.077	0.317	0.317	0.029	-0.004	0.055	-0.123	-0.185	0.696
R	-0.689	1.185	-0.189	0.120	-0.157	0.264	0.139	0.065	0.916
S	-0.100	-1.841	-0.211	0.145	-0.158	-0.040	-0.147	-0.121	1.078
T	0.168	-1.803	-0.033	0.196	-0.092	-0.054	0.037	-0.268	0.885
V	-0.098	-0.913	-0.214	0.017	0.088	-0.074	-0.065	0.047	0.017
W	-0.153	0.154	-0.277	-0.071	0.007	0.051	0.250	0.191	-1.676
Y	-0.552	0.525	-0.917	0.086	-0.143	0.037	0.056	-0.088	-1.460
Intercept	5.0693
