NumCols:	9
A	0.265	0.325	0.212	-0.081	-0.185	-0.151	-0.359	0.205	0.041
C	-0.109	-0.151	-0.082	-0.021	-0.093	-0.071	0.150	0.096	0.002
D	0.026	-0.028	-0.488	-0.144	-0.002	0.043	-0.014	0.158	0.025
E	-0.003	-0.066	-0.170	-0.025	-0.005	0.004	0.054	0.012	-0.047
F	-0.226	-0.734	-0.042	0.153	0.022	0.026	0.275	-0.078	-0.339
G	0.003	0.016	0.007	-0.009	-0.030	-0.047	-0.185	0.136	-0.004
H	-0.046	0.019	0.075	0.006	-0.026	0.060	0.316	0.033	-0.028
I	0.049	-0.049	0.278	0.222	0.075	0.101	-0.095	-0.125	0.065
K	0.163	0.192	0.247	0.099	0.018	0.164	0.137	-0.313	0.020
L	0.054	-0.111	0.184	0.129	0.089	0.124	0.086	-0.383	-0.263
M	-0.039	-0.300	-0.040	0.093	0.054	0.041	0.156	-0.120	-0.132
N	-0.127	-0.047	-0.163	-0.086	-0.020	-0.063	0.148	0.096	-0.016
P	0.104	0.399	-0.215	-0.052	0.045	-0.093	-0.398	0.176	0.088
Q	-0.010	0.247	-0.085	0.027	0.019	-0.075	-0.006	0.206	0.011
R	0.248	0.215	0.200	0.082	0.066	0.145	0.228	-0.156	0.043
S	0.125	0.275	0.037	-0.096	0.105	-0.132	-0.169	0.141	0.083
T	0.101	0.351	0.038	-0.173	0.021	-0.083	-0.324	0.116	0.110
V	0.140	0.245	0.183	0.016	-0.069	0.006	-0.299	-0.019	0.069
W	-0.397	-0.397	-0.290	-0.095	-0.036	-0.042	0.195	0.056	0.120
Y	-0.323	-0.402	0.114	-0.048	-0.047	0.043	0.103	-0.236	0.154
Intercept	4.55129
