NumCols:	11
A	-0.025	-0.129	-0.117	-0.003	-0.193	-0.169	0.059	0.050	-0.096	0.037	0.077
C	-0.081	0.020	0.011	-0.053	-0.024	-0.051	-0.057	-0.035	-0.025	-0.017	-0.004
D	-0.048	0.045	0.037	-0.037	-0.014	-0.046	-0.019	0.013	0.077	-0.001	-0.022
E	-0.025	0.016	0.024	0.005	-0.031	0.001	-0.010	0.051	0.047	0.028	-0.044
F	0.028	0.015	0.024	0.009	0.032	-0.144	0.001	-0.154	-0.168	-0.038	-0.090
G	-0.043	0.008	-0.010	0.031	-0.095	-0.022	0.009	-0.069	0.005	-0.087	-0.026
H	0.004	0.073	0.035	-0.016	0.075	0.083	0.005	-0.057	0.025	-0.015	-0.047
I	0.081	-0.106	-0.110	0.046	0.013	-0.018	0.020	0.086	-0.090	0.075	0.157
K	0.007	0.001	-0.026	0.067	0.055	0.121	0.020	0.027	0.056	0.067	0.123
L	0.095	-0.106	-0.012	0.048	0.040	0.068	-0.016	0.053	-0.028	0.075	0.084
M	0.057	-0.017	0.002	0.023	0.050	0.050	-0.014	0.017	-0.001	0.007	0.030
N	-0.051	0.052	0.065	-0.084	0.074	0.042	-0.032	-0.081	0.081	-0.031	-0.050
P	0.013	0.028	0.046	-0.034	0.016	0.003	0.072	0.066	0.115	0.079	0.002
Q	0.019	0.036	0.072	-0.015	0.000	0.128	-0.018	0.043	0.111	0.011	-0.109
R	0.033	0.061	0.013	0.044	0.062	0.152	0.039	0.001	0.064	0.069	-0.004
S	-0.079	0.019	-0.064	-0.022	-0.003	0.001	-0.034	0.000	0.027	-0.111	-0.005
T	-0.029	-0.008	-0.039	-0.038	-0.081	-0.058	-0.037	0.026	0.023	-0.061	0.014
V	0.060	-0.149	-0.052	0.025	-0.057	-0.064	0.032	0.084	-0.049	0.055	0.120
W	-0.022	0.069	0.060	-0.023	0.054	-0.038	-0.042	-0.057	-0.019	-0.054	-0.003
Y	0.007	0.072	0.042	0.028	0.026	-0.037	0.021	-0.063	-0.157	-0.087	-0.202
Intercept	4.34928
