NumCols:	10
A	-0.230	0.398	0.151	-0.030	-0.036	-0.119	0.046	-0.027	-0.152	0.292
C	0.103	-0.468	0.444	-0.018	-0.009	-0.051	-0.025	0.008	0.025	0.207
D	0.968	0.014	0.359	-0.016	0.084	0.091	0.002	-0.028	0.059	0.128
E	0.416	-1.235	0.022	-0.012	-0.001	0.107	0.009	-0.011	-0.062	-0.160
F	-0.630	-0.712	-0.584	0.005	-0.176	-0.100	-0.096	0.008	0.196	-0.183
G	-0.421	-0.084	0.371	0.016	-0.041	-0.045	-0.014	0.059	-0.034	0.447
H	-0.095	-0.251	-0.829	-0.009	-0.002	-0.010	0.011	0.101	0.110	0.192
I	-0.342	0.499	-0.486	0.024	-0.105	0.106	-0.033	-0.122	-0.274	-0.427
K	-0.066	0.529	0.771	0.017	0.028	-0.102	0.097	0.046	-0.041	0.240
L	0.081	0.584	0.222	0.021	-0.033	0.044	-0.038	-0.065	-0.010	-1.284
M	-0.447	0.349	-0.299	0.015	-0.077	0.136	-0.036	-0.000	0.067	-0.641
N	0.265	-0.057	-0.217	-0.002	-0.024	0.131	-0.051	0.023	0.096	-0.105
P	1.352	0.521	0.207	-0.030	0.270	0.020	0.031	-0.044	-0.134	0.192
Q	0.026	0.140	0.265	0.007	0.054	0.257	0.015	0.058	-0.001	-0.219
R	-0.049	0.213	-0.054	-0.008	0.051	-0.156	0.111	0.138	0.035	0.637
S	-0.141	-0.123	0.106	0.013	-0.039	-0.152	0.031	-0.013	-0.095	0.369
T	-0.097	0.009	-0.063	0.001	0.029	-0.083	0.033	-0.049	-0.046	0.236
V	-0.190	0.589	-0.093	0.003	0.022	-0.084	0.005	-0.174	-0.081	-0.363
W	-0.163	-0.538	-0.215	-0.003	0.010	0.025	-0.059	0.005	0.127	0.302
Y	-0.339	-0.378	-0.078	0.005	-0.005	-0.015	-0.039	0.088	0.215	0.140
Intercept	4.74752
