NumCols:	9
A	-0.155	0.086	0.131	-0.076	-0.181	-0.353	0.226	0.109	0.030
C	0.134	0.053	0.107	-0.035	0.072	-0.034	0.012	-0.016	0.014
D	0.222	0.149	0.164	0.053	0.216	-0.017	0.154	0.094	-0.004
E	0.219	0.207	0.178	0.017	0.185	-0.010	0.091	0.006	-0.018
F	0.235	-0.091	0.008	-0.075	-0.089	0.055	-0.351	-0.288	0.018
G	0.151	0.051	0.115	0.033	0.103	-0.036	0.147	0.016	0.009
H	0.058	-0.016	-0.028	0.085	0.034	0.118	-0.033	-0.039	-0.040
I	-0.403	-0.158	-0.129	-0.034	-0.132	-0.038	-0.021	-0.213	0.156
K	-0.107	-0.066	-0.250	0.258	-0.225	0.070	-0.053	0.008	-0.015
L	-0.006	-0.177	0.041	0.017	-0.091	0.119	-0.087	-0.130	-0.061
M	-0.146	-0.248	0.047	0.040	-0.015	0.103	-0.012	-0.088	-0.008
N	0.158	0.016	0.129	-0.115	0.118	0.081	-0.011	0.146	-0.037
P	0.141	0.114	-0.365	-0.129	0.087	-0.141	-0.345	0.275	-0.000
Q	-0.044	0.054	0.030	0.012	0.190	0.074	-0.066	0.181	-0.054
R	-0.204	-0.024	-0.246	0.420	0.091	0.101	-0.205	0.068	-0.027
S	-0.065	0.094	0.046	-0.114	0.078	-0.044	0.188	0.079	-0.003
T	-0.131	0.088	0.003	-0.165	-0.050	-0.072	0.234	0.048	-0.003
V	-0.307	-0.042	-0.009	-0.111	-0.264	-0.147	0.143	-0.108	0.038
W	0.135	-0.041	0.012	-0.061	0.030	0.096	-0.061	-0.069	0.011
Y	0.114	-0.047	0.017	-0.020	-0.159	0.075	0.050	-0.078	-0.006
Intercept	4.61031
