NumCols:	8
A	-0.229	0.072	-0.110	0.109	-0.090	-0.073	-0.068	-0.008
C	-0.012	-0.087	-0.079	-0.020	0.051	0.004	-0.280	-0.043
D	0.165	-0.338	-0.054	-0.098	0.070	-0.067	-0.047	0.003
E	0.123	-0.468	-0.072	-0.095	0.065	-0.062	-0.151	-0.029
F	0.015	0.111	-0.454	-0.027	0.143	-0.162	-0.477	-0.349
G	0.009	0.013	0.024	0.102	0.015	0.120	-0.054	0.060
H	0.288	0.101	0.072	-0.099	-0.158	-0.045	0.093	0.017
I	-0.469	0.099	-0.129	0.151	0.203	-0.167	0.039	-0.070
K	0.071	0.131	0.231	0.187	-0.096	0.095	0.111	0.174
L	-0.050	0.140	-0.227	-0.092	0.057	-0.023	-0.055	-0.070
M	0.004	0.075	-0.136	0.014	0.036	0.104	0.197	-0.055
N	0.167	-0.106	0.073	-0.059	0.027	0.079	0.081	0.027
P	-0.090	-0.017	0.365	-0.111	0.143	0.133	-0.275	0.117
Q	0.084	-0.074	0.223	-0.132	-0.065	0.239	0.132	0.135
R	0.044	0.068	0.275	0.164	-0.273	0.167	0.115	0.214
S	0.040	-0.030	0.227	0.126	-0.081	0.023	0.336	0.120
T	-0.006	0.062	0.120	-0.034	0.004	-0.145	0.228	0.070
V	-0.200	0.180	-0.076	0.117	0.021	-0.154	0.055	0.001
W	-0.023	-0.006	-0.101	-0.071	-0.051	-0.007	-0.060	-0.038
Y	0.069	0.074	-0.174	-0.131	-0.020	-0.060	0.082	-0.275
Intercept	4.52063
