NumCols:	10
A	-0.169	0.007	0.203	0.010	0.097	0.084	0.133	-0.009	-0.115	0.029
C	0.059	0.168	-0.011	-0.055	-0.131	-0.125	0.010	-0.129	-0.121	0.203
D	0.371	0.557	0.349	0.094	0.340	0.304	0.188	0.338	0.215	0.430
E	0.410	0.227	0.414	0.205	0.271	0.217	0.216	0.162	0.085	0.479
F	0.009	-0.484	-0.143	-0.216	-0.326	-0.254	-0.148	-0.374	-0.430	0.020
G	0.193	-0.115	0.155	-0.052	0.093	0.038	0.076	0.216	0.001	0.223
H	-0.144	0.031	-0.089	-0.100	-0.120	-0.063	-0.158	-0.079	0.034	-0.103
I	-0.077	-0.234	-0.193	-0.023	-0.182	-0.204	0.064	-0.081	0.242	0.022
K	-0.608	0.387	-0.124	-0.003	-0.029	-0.090	-0.129	0.133	0.151	-0.754
L	-0.116	-0.108	-0.098	0.051	-0.096	0.008	-0.072	0.005	-0.054	-0.061
M	-0.300	-0.528	-0.349	-0.058	-0.105	0.001	-0.087	-0.192	0.030	-0.399
N	0.143	0.499	0.095	-0.026	0.120	0.140	0.013	0.099	0.031	0.276
P	0.534	0.670	0.244	0.003	0.110	0.364	0.173	0.251	-0.011	0.828
Q	0.068	-0.042	-0.027	0.156	0.112	0.154	0.079	0.222	0.164	0.508
R	-0.540	0.345	-0.283	-0.022	-0.074	-0.132	-0.278	-0.099	0.001	-1.756
S	-0.205	-0.312	-0.075	0.027	0.124	-0.073	0.087	-0.014	0.093	-0.063
T	0.055	-0.228	0.195	0.088	0.105	0.026	0.088	0.050	0.037	0.069
V	0.041	-0.264	0.139	0.100	-0.019	-0.071	0.065	0.005	0.130	-0.002
W	0.211	-0.170	-0.134	-0.149	-0.189	-0.215	-0.148	-0.180	-0.155	0.091
Y	0.066	-0.408	-0.267	-0.030	-0.101	-0.108	-0.172	-0.324	-0.329	-0.040
Intercept	4.18421
