NumCols:	9
A	-0.024	-0.655	-0.558	-0.259	-0.083	-0.025	-0.254	-0.293	0.394
C	-0.115	-0.086	0.023	0.039	-0.001	-0.012	0.005	-0.069	0.023
D	0.035	-0.040	0.821	0.009	-0.079	-0.009	0.014	-0.225	0.029
E	-0.034	-0.058	0.226	0.182	-0.029	-0.003	0.025	-0.166	-0.024
F	-0.569	0.040	-0.035	-0.045	0.132	-0.028	0.200	0.044	-0.097
G	0.013	-0.156	-0.159	-0.176	-0.075	-0.017	-0.040	-0.020	0.069
H	0.114	0.165	0.147	-0.022	0.003	-0.011	0.046	0.220	-0.145
I	-0.120	0.057	-0.502	0.153	0.051	0.012	0.068	0.090	-0.073
K	0.410	0.075	0.393	-0.060	-0.060	-0.006	-0.082	0.368	-0.084
L	-0.017	0.117	-0.408	0.147	0.177	0.045	0.180	0.114	-0.356
M	0.064	0.320	-0.053	0.089	0.100	0.027	0.088	0.224	-0.370
N	0.058	0.139	0.197	0.097	-0.018	0.016	0.062	0.074	-0.108
P	0.093	-0.246	0.722	-0.119	-0.236	-0.020	-0.150	-0.487	0.240
Q	0.177	0.118	0.077	0.119	-0.050	0.014	-0.034	-0.028	-0.130
R	0.299	0.136	1.076	-0.111	-0.118	-0.026	-0.183	0.376	-0.072
S	0.164	-0.087	-0.473	-0.088	-0.079	-0.005	-0.118	-0.038	0.133
T	0.045	-0.132	-0.509	-0.053	0.008	0.028	-0.095	-0.196	0.262
V	-0.025	-0.108	-0.567	0.002	0.132	0.026	-0.016	-0.140	0.418
W	-0.241	0.243	0.135	0.156	0.106	0.010	0.151	0.098	-0.062
Y	-0.328	0.158	-0.554	-0.062	0.120	-0.017	0.132	0.055	-0.047
Intercept	2.40677
