NumCols:	10
A	-0.045	-0.068	-0.099	-0.022	0.020	-0.058	0.072	-0.058	-0.086	-0.445
C	0.132	0.449	-0.033	-0.045	-0.123	-0.047	0.005	-0.036	0.160	0.378
D	0.446	0.735	0.075	-0.153	-0.042	-0.004	0.018	0.314	0.346	0.362
E	0.605	0.165	0.338	-0.107	-0.128	0.003	0.022	0.170	0.007	0.256
F	-0.750	0.043	-0.468	0.017	-0.258	-0.194	-0.212	-0.486	-0.245	-0.292
G	0.002	0.069	0.090	-0.033	-0.028	0.115	0.123	0.335	-0.189	0.038
H	-0.066	0.382	0.100	0.036	0.055	0.154	0.105	0.207	0.064	0.464
I	-0.105	-0.471	-0.247	0.022	-0.076	-0.150	-0.235	-0.265	0.193	-0.683
K	-0.202	0.261	0.616	0.265	0.253	0.245	0.260	0.568	0.335	0.367
L	-0.098	-1.240	-0.454	0.018	0.017	-0.124	-0.332	-0.166	-0.063	-0.751
M	-0.384	-1.166	-0.840	-0.058	-0.105	-0.064	-0.173	-0.255	0.026	-0.450
N	0.167	0.093	0.205	-0.094	0.065	0.092	-0.001	0.133	0.107	0.287
P	0.736	0.485	0.462	0.006	0.143	-0.004	-0.018	-0.116	-0.296	0.346
Q	0.191	-0.324	0.385	0.005	0.230	0.142	0.065	0.056	0.123	0.574
R	-0.071	0.590	0.472	0.131	0.321	0.288	0.319	0.414	0.208	0.235
S	-0.060	-0.167	0.066	-0.011	0.054	0.030	0.103	0.164	-0.115	0.277
T	0.068	-0.132	0.144	0.048	-0.004	-0.073	0.004	-0.024	-0.110	-0.157
V	0.045	-0.298	0.009	0.111	0.047	-0.172	-0.130	-0.044	0.061	-1.255
W	0.017	0.395	-0.322	-0.092	-0.253	-0.067	-0.008	-0.561	0.067	0.233
Y	-0.628	0.197	-0.498	-0.045	-0.185	-0.113	0.013	-0.350	-0.594	0.216
Intercept	4.58782
