NumCols:	9
A	-0.309	0.147	0.010	-0.048	-0.207	-0.355	0.058	-0.053	0.427
C	-0.119	-0.274	-0.044	-0.009	-0.100	0.016	-0.005	-0.021	-0.223
D	0.054	-0.299	0.471	-0.084	0.129	0.160	0.260	0.079	0.194
E	-0.185	-1.571	0.255	0.005	0.064	0.221	0.203	0.083	0.274
F	0.155	-0.042	-0.243	0.044	-0.248	-0.240	-0.186	-0.064	-0.620
G	-0.001	0.051	0.141	0.028	0.193	-0.181	0.305	0.033	0.271
H	0.091	0.145	-0.028	-0.067	0.085	-0.014	-0.164	-0.104	-0.028
I	0.102	0.113	-0.370	-0.061	-0.119	-0.124	-0.101	0.121	-0.314
K	0.185	0.551	0.457	0.231	0.310	0.149	-0.161	-0.143	0.284
L	0.111	0.002	-0.108	-0.002	-0.197	0.014	-0.314	0.024	-0.081
M	-0.429	-0.019	-0.457	0.031	-0.097	0.063	0.045	0.067	-0.258
N	-0.023	-0.128	-0.315	0.047	0.052	-0.004	0.215	0.091	0.026
P	0.449	0.366	0.752	0.140	0.102	0.143	0.023	0.213	0.419
Q	-0.122	-0.396	0.189	-0.169	0.253	0.075	-0.045	0.161	0.394
R	0.083	0.415	0.245	0.055	0.315	0.193	-0.189	-0.127	0.268
S	-0.204	0.082	-0.066	-0.100	-0.019	-0.013	0.112	0.024	0.406
T	0.126	0.211	-0.071	-0.069	0.043	-0.107	0.022	-0.011	0.458
V	0.129	0.314	-0.184	-0.064	-0.158	-0.119	0.064	0.037	0.055
W	-0.002	0.042	-0.392	0.023	-0.257	0.110	-0.167	-0.264	-1.110
Y	-0.090	0.292	-0.242	0.069	-0.145	0.013	0.025	-0.146	-0.839
Intercept	4.74672
