NumCols:	9
A	0.367	0.030	0.169	-0.364	-0.069	-0.084	-0.113	-0.166	0.022
C	0.038	0.107	0.117	-0.010	-0.020	0.046	-0.043	0.079	-0.076
D	0.148	0.107	0.022	-0.006	0.170	0.065	0.063	0.133	0.009
E	0.140	0.123	0.101	-0.204	0.176	0.063	0.034	0.073	-0.055
F	-0.480	0.013	0.195	0.147	0.055	0.104	0.035	0.034	-0.405
G	0.067	0.098	0.074	0.155	0.227	0.083	-0.050	0.065	0.011
H	-0.168	0.254	-0.274	0.125	-0.504	-0.083	-0.003	-0.000	0.171
I	0.193	-0.154	0.231	0.033	0.093	0.043	0.123	0.073	-0.444
K	-0.066	0.142	-0.608	0.049	0.085	-0.079	0.317	0.021	0.331
L	-0.119	-0.431	0.125	-0.087	0.011	0.090	-0.118	-0.183	-0.244
M	-0.331	-0.702	-0.019	0.029	0.012	0.035	-0.034	-0.052	-0.148
N	-0.011	-0.037	0.028	0.093	0.230	-0.009	-0.114	-0.000	0.055
P	0.299	-0.094	0.156	-0.018	0.251	0.015	0.099	-0.150	0.106
Q	-0.094	-0.143	-0.081	-0.140	0.072	0.016	-0.183	-0.076	0.135
R	-0.132	0.280	-0.502	0.024	-0.342	-0.121	0.404	0.019	0.379
S	0.162	0.262	-0.064	-0.031	-0.040	-0.083	-0.052	-0.233	0.160
T	0.269	0.163	0.045	-0.065	-0.071	-0.062	-0.045	-0.103	0.112
V	0.313	-0.172	0.201	-0.120	-0.130	-0.026	-0.097	0.058	-0.136
W	-0.193	0.009	0.064	0.206	-0.191	0.057	-0.098	0.172	-0.068
Y	-0.401	0.147	0.021	0.185	-0.012	-0.069	-0.124	0.236	0.087
Intercept	4.84319
