NumCols:	8
A	-0.240	0.313	-0.002	0.105	-0.056	0.006	0.001	0.013
C	-0.005	0.007	0.001	0.013	0.008	0.008	-0.005	0.009
D	0.245	-0.759	0.001	-0.015	0.015	0.004	-0.006	0.014
E	0.136	-0.538	0.001	-0.046	0.005	0.002	-0.010	-0.007
F	-0.088	0.312	-0.001	-0.002	0.007	-0.007	-0.007	-0.068
G	-0.145	0.106	0.001	0.031	-0.018	0.012	0.003	0.036
H	0.199	-0.120	-0.003	0.004	0.048	0.007	0.005	0.049
I	-0.325	0.429	0.002	-0.006	-0.018	-0.025	-0.002	-0.152
K	0.116	0.120	-0.000	-0.022	0.010	0.010	0.005	0.043
L	-0.071	0.363	0.002	-0.050	-0.031	-0.020	-0.006	-0.100
M	-0.003	0.147	-0.001	-0.034	0.010	-0.013	0.004	-0.041
N	0.111	-0.195	0.001	-0.030	0.040	0.001	0.004	0.025
P	0.031	0.133	0.007	0.009	-0.019	0.009	-0.009	0.017
Q	0.095	-0.266	0.003	-0.062	0.000	0.007	0.000	0.024
R	0.276	-0.059	-0.009	0.033	0.016	0.018	0.009	0.080
S	-0.033	-0.125	0.000	0.041	-0.001	0.015	0.008	0.045
T	-0.097	-0.142	0.002	0.041	-0.015	0.002	0.004	0.020
V	-0.211	0.299	0.002	0.031	-0.049	-0.024	0.000	-0.064
W	0.024	-0.094	0.003	-0.014	0.030	-0.002	-0.001	0.009
Y	-0.015	0.071	-0.011	-0.027	0.018	-0.008	0.002	0.047
Intercept	4.58328
