NumCols:	9
A	0.049	-0.372	-0.071	-0.189	-0.037	0.052	-0.232	-0.238	0.250
C	-0.208	0.110	-0.005	-0.129	-0.047	0.035	0.010	-0.005	0.076
D	-0.387	0.145	0.200	-0.091	-0.168	-0.028	0.113	0.201	0.172
E	-0.569	0.235	0.183	-0.233	0.011	0.125	0.078	0.152	0.233
F	-0.129	0.207	0.111	0.189	-0.108	-0.337	-0.064	-0.115	-0.194
G	0.127	0.022	0.180	-0.141	-0.015	-0.097	-0.313	-0.377	0.166
H	-0.250	0.442	0.036	0.025	-0.119	0.104	0.141	0.008	-0.178
I	0.311	-0.500	-0.484	0.405	0.229	-0.016	-0.080	0.171	0.014
K	0.620	0.220	0.088	0.202	0.005	0.234	0.096	0.084	0.203
L	0.206	-0.130	0.088	0.190	0.152	-0.077	-0.005	0.015	-0.110
M	0.204	0.223	0.015	0.083	0.160	-0.060	0.021	0.064	-0.759
N	-0.038	0.135	-0.021	-0.053	0.083	-0.015	0.010	-0.251	-0.044
P	0.176	-0.076	0.019	0.010	-0.077	0.184	-0.015	-0.321	0.459
Q	0.063	0.136	0.153	-0.179	0.118	0.178	0.045	0.039	0.075
R	0.670	0.556	0.069	-0.008	-0.115	0.163	-0.018	0.300	-0.419
S	-0.032	-0.174	0.027	-0.142	0.124	0.116	-0.155	-0.091	0.107
T	-0.177	-0.688	-0.037	-0.082	0.004	-0.060	0.017	0.027	0.289
V	0.020	-0.854	-0.281	0.149	0.169	-0.026	0.097	0.082	0.201
W	-0.351	0.115	-0.137	0.021	-0.074	-0.266	0.190	0.097	-0.154
Y	-0.305	0.247	-0.132	-0.028	-0.296	-0.209	0.064	0.157	-0.389
Intercept	4.43222
