NumCols:	8
A	-0.128	0.125	0.055	-0.095	0.065	0.043	0.048	0.058
C	0.039	0.051	-0.002	-0.101	-0.020	0.002	0.005	0.039
D	0.047	0.026	0.005	0.071	-0.004	0.021	-0.154	0.013
E	0.047	0.036	-0.033	0.049	-0.006	0.024	-0.058	0.016
F	0.083	0.049	-0.100	-0.064	-0.140	-0.063	0.048	0.049
G	0.012	0.063	-0.008	-0.041	-0.176	-0.060	0.094	0.020
H	-0.010	-0.043	0.023	0.068	0.006	-0.005	0.060	-0.066
I	-0.010	0.069	-0.048	-0.188	0.026	0.027	-0.053	0.125
K	-0.164	0.003	0.122	0.079	0.071	0.064	0.076	-0.016
L	-0.032	-0.026	-0.032	0.044	0.036	0.042	-0.026	0.042
M	-0.006	-0.053	-0.043	-0.011	0.002	-0.000	0.018	0.023
N	0.058	-0.048	-0.010	0.057	-0.031	-0.031	-0.013	-0.015
P	0.005	0.078	0.176	0.043	0.033	0.072	-0.224	0.047
Q	0.036	-0.033	0.008	0.080	0.001	-0.004	-0.039	-0.007
R	-0.130	0.015	0.118	0.071	0.092	0.051	0.072	-0.063
S	-0.003	-0.065	-0.064	-0.041	-0.025	-0.098	0.034	0.016
T	0.019	-0.056	-0.030	0.017	0.056	-0.054	0.013	0.008
V	-0.020	-0.022	-0.015	-0.025	0.077	0.019	0.018	0.048
W	0.100	-0.058	-0.082	-0.032	-0.038	-0.029	-0.003	-0.010
Y	0.058	-0.111	-0.041	0.018	-0.026	-0.020	0.085	-0.327
Intercept	4.4448
