NumCols:	9
A	0.225	0.323	0.056	-0.098	0.004	0.207	0.084	0.112	0.054
C	0.027	0.177	0.038	-0.033	-0.124	-0.136	0.114	0.039	0.143
D	0.568	0.453	0.296	0.109	0.151	0.140	0.251	0.016	0.376
E	0.353	0.396	0.164	0.061	0.140	0.135	-0.035	0.006	0.455
F	-0.078	-0.885	-0.265	-0.171	0.018	-0.374	-0.448	-0.028	-1.570
G	0.123	0.063	0.062	0.031	0.065	0.173	0.360	0.093	0.370
H	0.041	0.098	0.117	-0.017	0.081	0.042	-0.244	-0.069	0.486
I	-0.161	0.150	-0.343	-0.006	-0.142	-0.125	0.227	0.030	-0.932
K	-0.095	0.490	0.142	0.033	0.226	0.169	0.258	-0.032	0.043
L	-0.047	-0.045	-0.275	0.055	0.002	-0.140	-0.252	-0.082	-0.640
M	-0.457	-0.308	-0.296	0.017	-0.134	0.064	-0.196	-0.017	-0.402
N	0.102	0.041	0.124	-0.029	-0.113	0.020	0.038	-0.038	0.271
P	0.145	0.484	0.265	-0.039	0.194	-0.160	0.016	0.030	0.574
Q	0.062	0.133	-0.028	0.025	0.157	0.231	0.087	-0.005	0.531
R	-0.139	0.289	0.140	0.000	0.202	0.141	0.475	-0.037	0.484
S	0.168	0.124	0.193	-0.071	-0.041	0.163	0.097	0.028	0.536
T	-0.173	0.166	0.134	0.129	-0.108	-0.051	0.145	-0.041	0.482
V	-0.195	0.047	-0.119	0.032	-0.168	0.039	-0.071	0.017	-0.189
W	-0.038	-0.791	-0.157	-0.044	-0.299	-0.252	-0.467	0.001	-0.973
Y	-0.430	-1.403	-0.249	0.016	-0.109	-0.287	-0.439	-0.022	-0.102
Intercept	4.65717
