NumCols:	10
A	0.440	0.006	0.053	-0.088	-0.159	0.029	-0.125	-0.239	-0.063	0.121
C	0.139	-0.124	-0.025	-0.011	-0.019	-0.090	-0.093	-0.012	0.018	0.007
D	-0.661	0.519	0.206	-0.010	-0.014	0.162	0.074	0.129	0.019	0.102
E	-0.174	-0.848	-0.117	-0.038	-0.027	0.105	0.098	0.075	0.002	0.017
F	-0.391	0.263	-0.544	-0.151	-0.126	-0.253	-0.267	-0.408	0.056	-0.617
G	0.394	-0.719	0.480	0.033	-0.014	0.059	-0.008	0.038	0.001	0.274
H	0.051	0.311	-0.107	0.039	0.146	-0.089	0.081	-0.056	0.016	-0.139
I	-0.185	0.168	0.044	-0.044	-0.070	-0.123	-0.082	0.049	0.015	0.083
K	0.564	0.910	0.499	0.092	0.247	0.003	0.094	0.540	0.001	0.360
L	-0.089	-0.638	-0.024	-0.117	-0.147	-0.101	-0.055	-0.129	0.010	-0.083
M	-0.572	-0.084	-0.471	-0.190	-0.054	-0.084	-0.060	-0.273	0.025	-0.635
N	-0.205	-0.053	-0.137	0.222	-0.024	-0.027	0.099	0.006	0.010	-0.039
P	0.366	-0.143	0.660	0.290	0.079	0.224	0.226	0.264	-0.003	0.478
Q	0.255	-0.733	-0.219	0.044	0.032	0.201	0.236	0.203	-0.011	0.149
R	0.377	0.176	0.124	0.045	0.239	0.020	0.060	0.439	0.013	0.055
S	0.084	0.439	0.041	0.094	0.007	0.071	0.063	0.079	-0.047	0.204
T	-0.073	0.112	0.012	0.114	-0.040	0.135	0.016	-0.003	-0.057	0.472
V	0.156	-0.012	-0.015	-0.042	-0.103	-0.027	-0.077	-0.175	-0.049	0.185
W	-0.164	0.265	-0.395	-0.093	0.009	-0.121	-0.096	-0.171	0.029	-0.085
Y	-0.310	0.185	-0.066	-0.189	0.041	-0.095	-0.183	-0.355	0.014	-0.910
Intercept	4.65015
