NumCols:	9
A	-0.207	0.011	-0.114	-0.002	0.013	-0.053	-0.255	-0.010	0.020
C	0.030	0.192	0.063	0.015	-0.020	-0.028	-0.084	0.018	0.136
D	0.309	0.455	0.240	0.129	0.014	0.044	0.200	0.035	-0.077
E	0.386	0.385	0.347	0.175	0.026	0.030	0.395	0.034	-0.093
F	0.231	-0.001	-0.172	-0.116	-0.053	-0.084	-0.199	-0.066	0.027
G	0.020	-0.035	0.097	-0.099	0.001	0.046	-0.400	0.019	0.004
H	-0.110	0.017	-0.063	0.050	0.034	0.120	-0.198	0.005	0.045
I	-0.199	-0.296	-0.103	-0.014	-0.061	0.012	0.245	-0.047	0.237
K	-0.483	0.396	0.033	0.036	0.071	0.238	0.255	0.007	0.601
L	0.054	-0.155	0.009	0.160	-0.017	-0.067	0.228	-0.051	0.095
M	-0.262	-0.445	-0.269	0.007	-0.024	-0.172	0.123	-0.042	0.070
N	0.277	0.081	-0.247	-0.062	-0.011	-0.021	-0.050	0.027	-0.052
P	0.370	0.531	0.233	-0.015	0.021	0.122	-0.213	0.048	-0.293
Q	0.159	-0.227	-0.063	0.042	0.014	-0.140	0.101	0.050	-0.107
R	-0.407	0.292	0.067	0.021	0.095	-0.016	0.128	-0.001	0.564
S	-0.202	-0.340	-0.076	-0.159	0.037	-0.106	-0.091	0.014	0.057
T	0.004	-0.339	0.155	-0.036	0.006	-0.025	0.105	0.021	-0.176
V	-0.171	-0.209	0.171	-0.059	-0.050	0.093	0.102	-0.025	0.032
W	0.073	-0.205	-0.140	-0.087	-0.064	-0.034	-0.114	0.002	0.366
Y	0.126	-0.109	-0.170	0.014	-0.033	0.043	-0.280	-0.037	-1.456
Intercept	4.08695
