NumCols:	9
A	0.048	0.319	-0.280	-0.046	-0.004	0.080	-0.038	0.114	0.230
C	0.049	0.120	0.138	0.028	-0.074	-0.089	0.034	0.064	-0.077
D	0.206	0.293	0.216	0.099	0.169	0.345	0.242	0.183	0.036
E	0.249	0.378	0.251	0.054	0.123	0.275	0.088	0.126	0.342
F	-0.022	-0.599	0.061	0.005	-0.108	-0.247	-0.483	-0.130	-1.151
G	0.221	0.255	-0.039	0.018	0.052	0.097	0.187	0.178	0.282
H	0.080	-0.105	0.172	-0.041	-0.050	-0.052	-0.070	0.088	0.228
I	-0.320	0.129	-0.120	0.018	-0.073	-0.071	0.207	-0.085	-0.859
K	-0.198	0.384	0.118	-0.049	0.118	0.174	0.390	0.057	0.294
L	-0.043	0.081	-0.146	0.009	-0.002	-0.004	-0.141	-0.297	-0.370
M	-0.116	-0.296	-0.365	-0.002	-0.099	0.059	-0.088	-0.075	-0.390
N	0.200	0.262	0.090	0.017	-0.018	0.121	-0.037	0.064	0.340
P	0.273	0.498	-0.289	-0.011	0.066	-0.143	0.026	-0.015	0.250
Q	0.210	-0.038	-0.107	-0.008	0.107	0.149	-0.041	-0.056	0.360
R	-0.318	0.189	0.261	-0.134	-0.017	0.154	0.280	-0.015	0.223
S	0.036	0.111	0.001	-0.038	0.065	-0.011	0.081	0.051	0.494
T	-0.059	0.114	0.100	0.008	0.035	-0.055	0.103	-0.223	0.430
V	-0.126	0.130	-0.005	0.001	-0.048	-0.088	-0.036	-0.059	-0.033
W	-0.069	-0.842	0.022	0.006	-0.212	-0.369	-0.425	0.044	-0.766
Y	-0.300	-1.385	-0.079	0.066	-0.029	-0.325	-0.280	-0.015	0.139
Intercept	4.56396
