NumCols:	10
A	0.125	0.086	-0.145	-0.033	-0.023	-0.023	0.028	0.066	0.205	-0.139
C	-0.006	0.012	0.007	-0.040	-0.033	0.008	-0.021	0.057	-0.064	0.111
D	0.093	0.541	-0.478	-0.181	-0.095	-0.004	-0.010	-0.159	-0.039	0.245
E	0.002	0.641	-0.318	-0.069	0.040	0.020	-0.010	-0.073	-0.190	0.306
F	-0.235	-0.246	-0.177	-0.005	-0.018	-0.027	-0.076	-0.065	-0.165	-0.389
G	0.115	0.085	0.087	0.005	0.085	0.034	0.058	-0.010	0.079	0.087
H	-0.029	-0.052	0.133	0.033	0.096	0.001	0.007	0.007	-0.157	0.072
I	0.042	-0.080	0.066	0.026	0.051	0.021	-0.094	0.103	0.040	-0.214
K	0.185	0.471	0.282	0.201	0.067	0.009	0.126	0.210	0.076	0.073
L	-0.118	-0.274	-0.006	0.045	0.008	0.036	-0.097	-0.083	-0.122	-0.068
M	-0.143	-0.296	-0.068	0.042	-0.023	0.001	-0.073	-0.058	0.040	-0.125
N	0.032	0.167	-0.056	-0.027	-0.040	-0.003	0.031	-0.012	0.103	0.227
P	0.282	0.196	0.350	-0.042	0.060	0.038	0.082	0.159	0.117	0.572
Q	0.084	0.217	0.112	0.048	0.082	0.003	0.029	-0.001	0.020	0.511
R	0.110	0.251	0.179	0.203	0.073	0.021	0.126	0.159	0.048	-0.021
S	-0.004	-0.592	-0.175	-0.109	-0.067	-0.058	0.059	-0.074	0.113	0.208
T	-0.060	-0.643	-0.107	-0.139	-0.088	-0.040	0.004	-0.031	0.099	0.016
V	-0.056	-0.264	0.122	-0.011	-0.025	0.010	-0.031	0.073	0.124	-0.089
W	-0.174	-0.120	0.135	0.002	-0.079	-0.014	-0.046	0.012	-0.010	-0.030
Y	-0.245	-0.100	0.058	0.052	-0.069	-0.031	-0.093	-0.278	-0.316	-1.353
Intercept	4.75854
