NumCols:	9
A	0.558	-0.889	-0.018	-0.069	0.105	-0.092	0.105	0.015	0.777
C	-0.249	-0.003	0.037	-0.061	-0.037	0.034	-0.053	-0.006	-0.344
D	0.228	0.030	0.009	-0.173	-0.106	-0.102	0.014	0.095	-0.053
E	0.039	0.114	0.115	-0.154	-0.005	-0.092	-0.082	0.013	0.074
F	-0.808	0.288	-0.075	-0.011	-0.056	-0.037	-0.315	-0.087	-0.699
G	0.357	0.006	0.021	-0.004	0.032	0.062	0.256	0.026	0.239
H	-0.219	0.327	0.041	0.105	0.077	0.155	0.034	-0.036	-0.044
I	-0.284	0.014	-0.274	0.009	-0.158	-0.068	-0.118	0.007	-0.546
K	0.333	0.103	0.475	0.144	0.250	0.169	0.345	0.001	0.237
L	-0.279	0.169	-0.117	0.167	-0.120	0.048	-0.303	-0.059	-0.065
M	-0.766	0.274	-0.295	0.056	-0.144	0.045	-0.117	-0.017	-0.394
N	-0.092	0.169	-0.199	-0.009	0.009	0.023	0.116	-0.013	-0.128
P	0.691	-1.406	0.585	0.186	0.134	-0.107	-0.093	0.120	0.554
Q	0.253	0.055	0.107	0.083	-0.011	0.020	0.168	0.026	0.282
R	0.432	0.168	0.601	0.340	0.355	0.210	0.438	0.061	0.481
S	0.339	0.109	-0.179	-0.315	0.015	-0.087	0.130	-0.013	0.547
T	0.156	0.078	-0.247	-0.134	-0.107	-0.127	-0.019	-0.052	0.487
V	0.122	-0.189	-0.099	0.061	-0.037	-0.151	-0.104	0.020	0.403
W	-0.497	0.346	-0.252	-0.182	-0.124	0.023	-0.257	-0.030	-1.366
Y	-0.313	0.236	-0.235	-0.040	-0.072	0.075	-0.144	-0.071	-0.441
Intercept	4.52396
