NumCols:	9
A	0.320	-0.326	-0.246	-0.003	-0.053	0.137	-0.234	-0.381	0.401
C	-0.222	-0.109	-0.018	-0.032	-0.125	-0.024	-0.089	-0.003	0.029
D	-0.568	-0.112	0.070	-0.304	-0.072	-0.068	0.192	0.132	0.037
E	-0.399	0.066	0.168	-0.074	-0.385	-0.292	0.185	-0.030	-0.119
F	-1.232	-0.165	-0.154	0.042	-0.129	0.101	-0.226	0.101	-0.679
G	0.467	0.001	0.204	0.002	0.061	0.035	-0.025	-0.025	0.101
H	-0.206	0.132	0.082	0.223	0.008	-0.038	0.161	0.130	-0.024
I	-0.163	0.334	-0.259	-0.256	0.148	0.306	-0.096	-0.083	-0.205
K	0.524	0.119	-0.287	0.042	0.323	0.253	0.190	-0.005	0.254
L	-0.080	0.155	-0.192	0.086	0.320	0.041	-0.017	0.051	-0.769
M	-0.161	0.366	0.099	0.034	0.197	0.125	0.047	0.098	-0.572
N	-0.254	0.105	-0.133	0.018	0.023	-0.125	-0.001	0.167	-0.104
P	0.562	-1.110	0.353	-0.069	-0.156	-0.077	-0.247	-0.262	0.349
Q	0.404	0.316	0.181	0.118	0.135	-0.299	0.121	0.039	-0.059
R	0.743	0.373	0.354	0.257	0.278	0.151	0.193	-0.040	0.342
S	0.205	0.554	0.156	-0.027	-0.134	-0.095	0.097	-0.039	0.304
T	0.290	0.069	-0.077	-0.043	-0.048	-0.153	0.013	-0.072	0.368
V	0.028	-0.039	-0.182	-0.116	0.154	0.062	-0.289	-0.151	0.339
W	-0.242	-0.109	-0.015	-0.060	-0.151	-0.049	-0.026	0.185	-0.070
Y	-0.018	-0.621	-0.102	0.162	-0.395	0.009	0.052	0.189	0.077
Intercept	5.21287
