NumCols:	9
A	-0.269	0.349	0.018	-0.139	-0.018	0.096	0.120	0.072	0.257
C	-0.177	-0.165	0.063	-0.010	-0.029	0.039	0.029	0.024	-0.139
D	1.059	0.567	0.541	0.178	0.003	0.225	-0.025	0.027	-0.003
E	0.695	0.594	0.356	0.079	-0.053	0.113	0.012	-0.037	0.286
F	-0.283	-1.371	-0.064	0.030	-0.044	-0.301	-0.110	-0.051	-1.377
G	0.041	0.138	-0.083	-0.100	-0.034	0.068	0.103	0.039	0.145
H	-0.195	0.120	-0.148	-0.018	0.048	0.008	-0.019	0.039	0.331
I	0.289	0.361	-0.013	0.114	0.061	-0.181	0.101	-0.056	-0.701
K	-0.196	0.926	0.308	-0.039	0.154	0.080	0.267	0.040	0.828
L	0.004	0.246	-0.382	0.116	-0.050	-0.123	-0.036	-0.022	-0.671
M	-0.310	-0.224	-0.291	0.164	0.009	-0.087	-0.240	-0.069	-0.394
N	0.120	0.204	-0.211	-0.047	-0.127	0.155	-0.108	0.038	0.034
P	0.716	0.606	-0.446	-0.213	0.000	0.220	0.003	0.029	0.434
Q	-0.014	0.250	-0.237	-0.120	-0.037	0.130	-0.049	-0.017	0.656
R	-0.498	0.672	0.184	-0.064	0.212	0.043	0.119	0.085	0.990
S	-0.190	0.301	0.047	-0.101	-0.004	0.085	0.082	0.057	0.249
T	0.053	-0.053	0.151	-0.025	-0.015	-0.065	0.144	-0.013	-0.079
V	0.026	0.095	0.153	0.025	-0.053	-0.089	-0.020	-0.040	-0.027
W	-0.200	-1.483	0.041	0.061	-0.024	-0.093	-0.206	-0.048	-1.001
Y	-0.670	-2.133	0.014	0.109	-0.000	-0.323	-0.167	-0.097	0.180
Intercept	4.37328
