NumCols:	11
A	0.066	-0.209	-0.297	-0.022	0.019	0.041	0.132	0.052	-0.087	-0.034	0.134
C	0.001	-0.017	-0.061	-0.000	0.003	0.025	0.010	0.009	-0.082	-0.035	-0.059
D	0.051	0.025	0.003	0.010	0.062	-0.005	0.055	0.061	-0.017	0.051	-0.029
E	0.003	0.022	0.004	0.047	0.059	-0.029	0.064	0.063	-0.035	0.063	-0.025
F	-0.152	0.099	-0.229	0.072	-0.104	-0.008	-0.079	-0.097	-0.149	-0.020	-0.159
G	0.068	-0.021	-0.041	0.015	-0.003	0.028	0.006	0.037	-0.056	0.037	0.004
H	0.026	0.029	0.095	-0.032	-0.036	0.016	-0.102	-0.027	0.031	-0.035	-0.005
I	-0.150	0.091	-0.171	0.034	0.071	-0.022	0.022	-0.135	0.011	-0.071	-0.014
K	0.051	-0.056	0.103	-0.090	-0.047	0.010	-0.047	-0.155	0.129	-0.010	0.115
L	-0.193	0.069	0.011	0.025	0.061	-0.098	-0.053	-0.079	0.021	-0.039	-0.024
M	-0.110	0.091	0.001	0.030	-0.014	-0.023	-0.082	-0.071	0.027	-0.056	-0.042
N	0.053	0.051	0.104	0.011	0.016	-0.002	-0.057	0.050	-0.040	0.028	-0.046
P	0.208	-0.280	0.127	-0.108	-0.107	-0.034	0.298	0.169	-0.041	0.088	0.054
Q	0.079	-0.014	0.224	0.039	0.044	-0.007	0.085	0.139	0.044	0.050	0.017
R	0.126	-0.120	0.137	-0.130	-0.075	0.029	-0.019	-0.061	0.101	-0.035	0.139
S	0.114	0.038	0.006	-0.036	0.031	0.041	-0.007	0.101	0.056	0.029	0.057
T	0.057	0.021	-0.004	0.006	0.055	0.021	0.008	0.093	0.047	0.021	0.052
V	-0.088	-0.003	-0.115	0.032	0.038	-0.022	0.074	-0.012	0.021	-0.015	0.063
W	-0.063	0.100	0.053	0.026	-0.025	0.013	-0.073	-0.025	0.007	-0.008	-0.176
Y	-0.148	0.082	0.049	0.070	-0.047	0.025	-0.235	-0.113	0.014	-0.009	-0.055
Intercept	4.30256
