NumCols:	8
A	-0.001	0.019	0.010	-0.000	-0.001	0.003	0.000	0.068
C	-0.001	0.006	0.000	-0.000	-0.000	-0.000	-0.000	0.009
D	0.001	0.016	0.003	0.000	-0.000	0.001	-0.000	0.020
E	0.002	0.007	0.004	-0.000	-0.000	0.001	0.000	0.052
F	0.005	-0.010	-0.002	-0.000	-0.001	-0.002	-0.000	0.036
G	0.000	0.013	0.002	0.000	-0.000	0.000	-0.000	0.003
H	-0.002	0.004	-0.014	-0.000	0.001	0.000	0.000	-0.049
I	0.003	-0.029	0.007	0.000	-0.000	-0.002	-0.000	-0.054
K	-0.004	0.002	-0.006	0.000	0.001	0.003	0.000	-0.233
L	0.003	-0.034	0.003	0.000	-0.000	-0.001	0.000	0.053
M	0.001	-0.038	-0.000	0.000	0.000	-0.001	0.000	0.039
N	0.000	0.003	-0.003	0.000	0.001	0.000	-0.000	0.013
P	-0.003	0.032	0.006	-0.000	-0.002	0.004	0.000	0.034
Q	-0.002	-0.002	0.003	0.000	0.000	-0.001	0.000	0.062
R	-0.008	0.013	-0.011	0.000	0.002	0.003	0.000	-0.068
S	-0.002	0.018	0.002	-0.000	0.000	0.000	-0.000	0.013
T	-0.000	0.011	0.004	0.000	-0.001	-0.002	-0.000	0.035
V	0.003	-0.006	0.007	0.000	-0.001	-0.001	-0.000	0.034
W	0.002	-0.008	-0.005	-0.000	0.000	-0.004	-0.000	-0.030
Y	0.004	-0.016	-0.011	-0.000	0.000	-0.001	-0.000	-0.036
Intercept	4.58093
