NumCols:	11
A	-0.111	0.196	0.172	0.065	0.055	0.081	0.014	0.036	0.021	-0.178	-0.046
C	-0.003	0.102	-0.025	-0.014	-0.003	-0.046	0.016	0.016	0.044	0.064	0.064
D	0.537	0.036	0.402	0.040	0.056	0.010	0.035	0.031	0.633	0.253	0.088
E	0.164	0.101	0.130	0.089	0.018	0.037	-0.003	0.022	0.545	0.074	0.099
F	-0.115	0.037	-0.101	0.026	-0.041	-0.066	-0.125	0.032	-0.293	0.024	-0.246
G	-0.063	0.146	0.239	0.080	0.072	0.005	0.044	0.022	-0.390	0.093	0.035
H	-0.226	-0.426	-0.055	-0.021	-0.023	0.001	-0.050	-0.005	0.006	-0.104	0.134
I	0.170	0.333	-0.033	-0.136	-0.061	-0.130	-0.027	0.005	-0.005	0.117	-0.419
K	-0.774	-0.393	-0.062	0.012	-0.000	0.044	0.021	-0.017	-0.115	0.036	-0.159
L	0.093	0.100	-0.011	0.033	-0.032	-0.125	-0.248	-0.094	-0.516	-0.046	-0.529
M	-0.076	-0.180	-0.068	-0.047	-0.048	-0.100	-0.086	-0.044	-0.083	0.198	-0.193
N	0.222	0.204	0.053	0.041	0.124	-0.046	-0.009	-0.015	0.207	-0.098	0.235
P	0.611	0.570	0.222	0.154	0.178	0.157	-0.132	0.043	-0.230	0.198	0.203
Q	0.092	-0.040	-0.186	0.004	0.006	-0.003	0.023	-0.031	0.141	-0.103	0.217
R	-0.997	-1.105	-0.303	-0.204	-0.132	0.008	0.099	-0.007	0.029	0.004	0.119
S	0.002	-0.042	0.201	0.047	0.015	0.125	0.157	-0.021	0.168	0.041	0.116
T	0.222	0.141	0.162	0.001	0.017	0.073	0.152	-0.016	0.059	-0.203	0.145
V	0.277	0.255	0.059	0.036	-0.026	-0.055	0.023	-0.001	-0.220	-0.099	-0.123
W	0.068	-0.008	-0.381	-0.121	-0.050	-0.056	0.069	-0.000	0.004	-0.132	0.136
Y	-0.093	-0.028	-0.415	-0.085	-0.125	0.087	0.026	0.045	-0.006	-0.140	0.123
Intercept	4.56841
