NumCols:	10
A	-0.227	-0.453	-0.278	-0.185	-0.433	-0.122	0.028	-0.015	0.019	0.660
C	0.274	0.360	-0.068	-0.042	-0.072	0.117	-0.028	0.031	0.079	-0.265
D	0.571	0.128	0.312	0.122	0.194	0.204	0.057	0.072	0.399	0.151
E	0.496	0.246	0.166	0.025	0.188	0.232	0.003	0.072	0.334	-0.095
F	-0.717	0.586	0.237	-0.110	-0.034	-0.244	-0.052	-0.221	-0.171	-1.067
G	0.280	-0.138	0.250	-0.021	-0.033	0.168	-0.016	0.017	-0.028	0.410
H	-0.027	0.243	0.058	0.168	0.052	0.010	0.072	-0.027	-0.122	-0.292
I	-0.323	0.136	-0.009	-0.081	-0.045	-0.276	-0.292	-0.063	-0.275	-0.186
K	-0.008	0.821	0.334	0.215	0.216	0.157	0.118	0.007	-0.083	0.501
L	-0.320	0.067	0.144	0.019	-0.010	-0.207	-0.026	-0.067	-0.423	-0.834
M	-0.065	-0.064	0.210	-0.014	-0.069	-0.148	-0.051	-0.066	-0.376	-0.660
N	0.429	0.047	0.215	0.132	0.191	0.073	-0.034	0.008	0.099	0.122
P	0.508	-0.011	-1.286	-0.266	-0.441	0.147	0.047	0.065	0.589	0.105
Q	0.311	-0.141	-0.056	-0.044	0.188	0.090	0.049	0.121	-0.023	0.326
R	-0.064	0.692	0.021	0.124	0.243	0.201	0.205	0.102	-0.076	0.255
S	-0.072	-1.043	-0.159	-0.012	-0.019	-0.056	-0.005	0.078	-0.024	-0.200
T	-0.240	-1.207	-0.345	0.022	0.041	-0.139	-0.034	0.031	0.111	0.705
V	-0.113	-0.450	-0.231	-0.037	-0.010	-0.258	-0.113	-0.028	0.011	-0.101
W	-0.180	0.123	0.105	-0.042	-0.008	0.116	0.012	0.007	0.172	0.342
Y	-0.514	0.058	0.379	0.028	-0.139	-0.066	0.058	-0.124	-0.211	0.123
Intercept	4.91387
