NumCols:	9
A	-0.084	-0.193	-0.050	0.116	0.208	0.036	0.001	0.253	-0.007
C	0.043	-0.072	-0.103	0.015	-0.069	0.016	-0.016	0.164	-0.023
D	0.002	-0.548	-0.078	0.035	-0.280	0.021	-0.488	0.073	0.155
E	0.059	0.096	-0.046	0.023	-0.450	0.008	-0.201	0.087	0.084
F	0.019	-0.020	-0.478	-0.087	-0.171	-0.038	-0.084	0.131	-0.419
G	-0.042	-0.022	0.108	0.071	0.134	0.032	0.065	0.252	0.119
H	0.001	0.273	0.048	-0.024	0.088	0.005	0.163	0.042	0.302
I	-0.025	-0.372	-0.072	-0.101	-0.112	-0.041	-0.175	0.090	-0.917
K	0.054	0.442	0.195	-0.055	0.244	-0.019	0.271	-0.105	0.161
L	0.097	0.032	0.002	-0.181	-0.093	-0.078	0.002	-0.249	-0.391
M	-0.005	-0.113	0.025	-0.131	-0.008	-0.046	0.050	0.166	-0.288
N	-0.019	-0.113	0.210	0.010	-0.034	0.015	-0.000	0.097	0.287
P	0.235	0.161	0.221	0.184	-0.016	0.046	-0.062	0.016	0.321
Q	0.087	0.081	0.320	0.081	-0.047	0.008	0.133	-0.212	0.230
R	0.143	0.558	0.182	0.012	0.190	-0.025	0.370	0.083	0.227
S	-0.316	-0.197	0.278	0.088	0.254	0.036	0.158	-0.016	0.221
T	-0.162	-0.146	0.176	0.082	0.170	0.034	0.011	-0.680	0.148
V	-0.072	-0.104	-0.027	-0.027	0.039	-0.006	-0.099	-0.186	-0.219
W	0.035	-0.028	-0.180	-0.034	-0.056	0.006	-0.044	0.017	-0.076
Y	-0.051	0.286	-0.731	-0.078	0.009	-0.009	-0.056	-0.022	0.083
Intercept	4.96205
