NumCols:	8
A	-0.525	0.192	-0.250	-0.002	-0.643	0.035	0.092	0.003
C	0.039	-0.088	-0.119	-0.003	-0.001	0.068	-0.174	0.027
D	0.350	-0.005	0.150	0.010	0.217	0.114	-0.113	0.041
E	0.399	0.182	0.095	0.008	0.247	0.054	-0.170	0.019
F	0.278	-0.693	-0.279	-0.031	0.374	0.052	-0.215	-0.117
G	-0.946	-0.612	-0.195	0.003	0.044	0.001	-0.328	-0.000
H	0.224	-0.179	0.151	-0.003	0.051	0.026	0.077	-0.000
I	-0.267	0.547	-0.061	-0.002	-0.306	-0.114	0.158	-0.104
K	0.032	0.279	0.263	0.003	-0.327	-0.035	0.558	-0.041
L	-0.123	-0.002	-0.097	-0.004	0.059	-0.193	0.046	-0.102
M	-0.041	-0.064	-0.064	-0.007	-0.024	-0.108	0.045	-0.047
N	0.307	-0.393	0.115	0.006	0.024	0.007	-0.096	0.034
P	0.002	0.043	0.469	0.019	0.038	0.027	0.066	0.055
Q	0.066	-0.219	0.186	0.022	0.262	-0.047	-0.121	0.040
R	-0.344	0.147	0.351	-0.002	-0.011	0.077	0.391	-0.004
S	-0.390	0.082	-0.025	0.009	-0.133	0.003	-0.051	0.039
T	-0.034	0.218	-0.097	0.006	0.076	-0.055	-0.093	0.032
V	-0.292	0.636	-0.241	-0.007	-0.448	-0.065	0.053	0.003
W	0.467	0.122	-0.068	-0.008	0.120	0.106	-0.125	0.110
Y	0.799	-0.192	-0.284	-0.016	0.382	0.047	-0.002	0.012
Intercept	3.67381
