NumCols:	8
A	0.430	0.224	-0.539	0.150	-0.372	-0.179	0.041	0.157
C	0.049	-0.005	-0.007	-0.066	0.050	0.077	-0.072	0.048
D	-0.108	0.193	0.033	-0.069	0.098	0.178	-0.288	0.079
E	-0.013	0.103	0.056	-0.037	0.180	0.132	-0.458	-0.020
F	0.039	0.004	0.041	-0.337	0.047	-0.252	0.151	-0.076
G	0.271	0.063	-0.184	0.045	0.054	-0.019	0.186	0.080
H	-0.263	-0.632	0.178	-0.010	0.202	0.218	0.260	0.017
I	0.033	0.077	0.054	0.054	-0.309	-0.369	-0.105	-0.235
K	0.192	0.099	0.270	0.234	0.267	-0.068	0.346	-0.063
L	-0.032	-0.065	0.277	-0.166	0.048	-0.167	-0.138	-0.443
M	-0.159	-0.114	0.245	-0.077	-0.050	-0.153	0.055	-0.236
N	-0.125	-0.196	0.043	-0.086	0.140	0.250	0.036	0.132
P	0.308	0.311	-0.166	0.139	-0.036	-0.166	-0.347	0.144
Q	-0.057	-0.106	0.000	-0.052	0.034	0.168	-0.119	-0.046
R	0.227	0.260	0.222	0.231	0.243	-0.031	0.502	0.024
S	-0.051	-0.178	-0.397	0.137	-0.233	0.169	0.113	0.159
T	-0.087	-0.115	-0.215	0.112	-0.211	0.210	-0.080	0.157
V	-0.034	0.074	-0.111	0.119	-0.271	-0.193	-0.188	0.088
W	-0.297	-0.030	0.172	-0.171	0.023	0.129	0.017	0.037
Y	-0.323	0.034	0.028	-0.149	0.095	0.066	0.088	-0.004
Intercept	4.42462
