NumCols:	9
A	0.309	-0.487	-0.154	-0.019	0.148	0.148	-0.456	0.048	0.317
C	-0.475	0.270	0.047	-0.028	-0.179	-0.058	-0.238	0.189	0.177
D	0.666	0.708	0.527	-0.092	-0.082	-0.089	-0.456	0.121	0.658
E	0.562	0.207	0.178	0.096	-0.125	-0.125	-0.178	-0.003	0.903
F	-0.484	0.696	-0.764	0.011	-0.198	-0.077	-0.344	-0.166	-1.163
G	0.440	0.221	0.367	-0.173	-0.065	0.018	-0.405	0.038	0.737
H	-0.451	-1.236	-0.033	-0.042	-0.004	-0.037	0.512	0.124	0.486
I	-0.283	0.302	-0.017	0.202	-0.217	-0.007	0.299	-0.050	-1.000
K	-0.001	-0.263	0.505	0.038	0.225	0.253	0.539	0.062	0.624
L	-0.613	0.171	-0.093	0.121	0.073	0.011	0.121	-0.192	-0.418
M	-1.306	-0.262	0.191	0.038	0.033	-0.018	-0.458	-0.127	-1.005
N	0.447	0.352	0.110	-0.159	0.045	-0.083	0.043	0.071	0.311
P	0.755	-0.407	0.153	-0.233	0.317	0.052	0.201	-0.226	0.967
Q	0.356	-0.387	0.172	0.180	0.133	-0.072	0.202	0.115	0.638
R	-0.488	-0.907	0.303	0.105	0.325	0.210	0.541	0.053	0.055
S	0.298	-0.282	-0.446	0.042	0.031	-0.025	-0.023	0.084	0.852
T	0.551	0.196	-0.420	0.038	0.081	-0.064	0.211	-0.023	0.584
V	-0.165	0.375	-0.173	0.041	0.131	0.066	0.391	-0.039	-0.239
W	-0.125	0.432	-0.145	-0.093	-0.255	-0.118	-0.191	-0.027	-2.462
Y	0.005	0.299	-0.308	-0.074	-0.417	0.014	-0.310	-0.051	-1.022
Intercept	5.64228
