NumCols:	9
A	-0.182	0.287	-0.069	-0.062	-0.115	0.012	0.050	0.135	0.291
C	-0.190	0.244	0.115	0.002	-0.007	0.015	0.131	0.051	0.167
D	0.455	0.485	0.303	0.077	0.233	0.434	0.112	0.265	0.437
E	0.503	0.225	0.044	0.025	0.342	0.384	0.106	-0.062	0.439
F	-0.033	0.360	0.046	0.006	-0.306	-0.326	0.144	-0.168	-0.579
G	-0.200	0.200	0.343	0.092	0.058	0.158	0.110	-0.119	0.305
H	-0.133	-0.162	0.254	-0.015	0.019	-0.039	-0.335	-0.133	-0.087
I	-0.034	0.114	0.096	0.027	-0.187	-0.236	-0.059	0.044	-0.323
K	-0.250	-0.536	0.231	-0.020	0.201	-0.002	0.267	0.169	-0.415
L	0.239	-0.042	-0.079	0.043	-0.203	-0.161	-0.468	-0.319	-1.048
M	-0.016	-0.217	-0.180	0.062	-0.290	-0.113	-0.120	-0.116	-0.549
N	0.195	-0.060	-0.032	-0.024	0.088	-0.057	-0.045	-0.045	-0.136
P	0.557	0.432	0.229	-0.121	0.274	0.117	-0.097	-0.048	0.495
Q	0.008	-0.590	-0.481	-0.013	0.215	0.194	0.058	0.066	0.169
R	-0.905	-1.573	-0.243	-0.093	-0.019	-0.263	-0.320	-0.070	0.004
S	-0.220	0.036	0.002	0.043	0.145	0.157	-0.106	0.098	0.297
T	0.059	0.276	-0.017	0.012	0.004	0.089	-0.002	0.092	0.273
V	0.247	0.248	0.176	-0.030	-0.182	-0.113	-0.068	0.079	-0.202
W	-0.143	0.128	-0.396	-0.023	-0.178	-0.079	0.223	-0.072	0.235
Y	0.043	0.147	-0.341	0.011	-0.092	-0.171	0.419	0.154	0.228
Intercept	4.91962
