NumCols:	8
A	0.222	0.349	0.022	0.054	0.002	0.061	0.136	0.008
C	-0.719	0.087	-0.220	-0.026	0.134	0.127	0.075	-0.020
D	0.764	0.342	0.279	0.019	0.219	0.163	0.030	0.425
E	0.436	0.165	0.220	-0.000	0.124	0.172	-0.001	0.109
F	-0.149	0.457	-0.394	-0.006	-0.269	-0.053	0.026	-0.356
G	0.169	0.302	-0.087	0.058	0.309	0.230	0.048	0.087
H	-0.456	-0.491	0.094	0.009	0.120	-0.101	-0.070	0.211
I	-0.133	0.261	-0.058	-0.005	-0.211	-0.278	0.157	-0.229
K	-0.452	-0.378	0.470	0.015	-0.118	0.109	-0.014	0.098
L	-0.069	0.009	-0.235	0.001	-0.505	-0.119	0.029	-0.721
M	0.027	-0.253	-0.202	-0.035	-0.281	-0.249	0.038	-0.330
N	0.005	0.116	-0.240	-0.069	0.204	0.079	-0.134	0.096
P	0.879	0.035	0.454	0.017	0.298	0.163	-0.285	0.418
Q	0.028	-0.510	-0.176	0.006	-0.077	-0.034	-0.113	0.022
R	-1.083	-1.293	0.062	-0.022	-0.118	-0.248	-0.086	0.249
S	-0.208	0.081	0.135	0.012	0.243	-0.144	0.027	0.141
T	0.359	0.273	0.086	0.013	0.096	-0.056	0.048	0.019
V	0.268	0.294	0.054	0.055	-0.042	-0.010	0.087	-0.117
W	-0.023	-0.048	-0.262	-0.094	0.020	-0.060	-0.021	-0.071
Y	0.136	0.204	-0.001	-0.003	-0.148	0.248	0.025	-0.039
Intercept	4.93446
