NumCols:	9
A	-0.182	-0.888	0.045	-0.062	-0.265	-0.016	0.023	0.277	0.237
C	0.311	0.219	0.114	0.032	0.011	-0.003	0.018	0.152	0.430
D	0.760	0.713	0.078	0.220	0.139	0.346	0.020	0.257	0.360
E	0.753	0.866	-0.037	0.321	0.288	0.408	0.004	0.114	0.231
F	-0.427	0.194	-0.215	-0.133	-0.199	-0.352	-0.116	-0.192	-1.311
G	-0.310	-0.535	0.317	-0.027	-0.006	-0.252	0.041	0.233	0.226
H	0.204	-0.089	-0.292	-0.115	0.086	-0.245	-0.076	0.071	-0.016
I	-0.559	-0.009	0.031	0.153	-0.208	0.147	0.055	-0.234	-0.379
K	-0.589	0.319	-0.105	-0.152	0.174	-0.019	0.162	0.009	0.506
L	-0.335	-0.063	-0.094	0.119	-0.158	-0.121	-0.026	-0.406	-0.865
M	-0.520	0.434	-0.357	-0.130	-0.157	-0.298	-0.025	-0.313	-1.401
N	0.642	0.155	0.169	-0.159	0.241	-0.245	-0.003	0.137	0.621
P	1.792	0.894	1.128	0.169	-0.054	0.112	0.023	0.331	1.139
Q	0.277	0.356	0.208	0.014	0.226	0.204	0.061	0.002	0.515
R	-0.924	0.927	-0.442	-0.218	0.164	-0.098	0.190	0.120	0.691
S	-0.228	-1.478	-0.156	-0.187	0.010	-0.180	-0.226	0.027	0.333
T	0.195	-1.798	-0.082	0.014	-0.070	0.186	-0.159	-0.129	0.493
V	0.047	-0.978	0.013	0.152	-0.212	0.189	0.066	-0.210	-0.118
W	-0.386	0.353	-0.056	0.017	-0.007	0.146	0.059	-0.238	-0.140
Y	-0.522	0.407	-0.268	-0.028	-0.002	0.092	-0.093	-0.008	-1.552
Intercept	4.85235
