NumCols:	9
A	-0.223	0.384	-0.348	0.039	-0.212	0.078	-0.329	-0.145	0.039
C	0.132	-0.042	-0.183	0.058	-0.025	-0.118	-0.015	0.114	-0.045
D	0.648	-0.574	-0.632	-0.418	0.019	-0.433	-0.138	0.261	0.187
E	0.555	-0.129	-0.418	-0.533	0.058	-0.231	-0.310	0.145	-0.048
F	-0.123	-0.085	0.074	-0.029	0.098	-0.261	0.074	0.087	-0.987
G	-0.175	0.535	0.027	0.175	-0.160	-0.154	0.178	0.061	0.534
H	0.022	0.146	0.524	0.138	0.019	0.028	-0.214	-0.001	0.081
I	-0.166	-0.779	-0.588	-0.041	-0.089	0.331	0.043	-0.328	-0.139
K	-0.076	0.576	0.562	0.115	-0.093	0.300	-0.074	-0.248	0.259
L	0.167	-0.329	0.115	0.559	0.097	0.237	0.424	-0.248	-0.559
M	-0.065	-0.582	0.027	0.230	0.048	0.368	0.240	-0.173	0.297
N	0.111	0.037	0.203	0.125	0.080	-0.205	0.207	0.108	0.120
P	0.336	0.450	-0.138	-0.180	-0.075	-0.100	-0.033	0.260	0.186
Q	0.258	0.195	0.197	0.333	0.067	0.025	0.055	0.216	0.451
R	0.156	0.511	0.692	-0.044	-0.012	0.118	-0.295	-0.187	0.588
S	-0.208	0.106	0.237	0.128	-0.093	0.223	-0.179	-0.062	0.495
T	-0.192	0.090	-0.100	-0.002	-0.008	0.100	0.038	0.022	0.044
V	-0.367	-0.002	-0.366	0.013	0.028	0.224	0.341	-0.147	-0.579
W	-0.149	-0.433	-0.146	-0.114	0.108	-0.329	0.119	0.278	-0.196
Y	-0.641	-0.073	0.261	-0.551	0.143	-0.203	-0.133	-0.013	-0.730
Intercept	4.10378
