NumCols:	9
A	-0.392	-0.083	-0.003	0.210	-0.074	-0.044	0.321	0.153	0.040
C	0.457	-0.018	-0.001	-0.150	-0.009	-0.073	0.104	-0.046	0.151
D	0.054	0.006	-0.001	0.066	0.032	-0.044	0.345	-0.196	0.150
E	0.127	0.018	-0.001	-0.144	0.070	0.026	0.181	-0.075	0.194
F	0.590	0.007	-0.005	-0.341	-0.084	0.154	-0.826	0.028	0.143
G	0.137	-0.085	-0.001	0.193	0.025	-0.028	0.406	0.043	0.149
H	0.114	0.027	-0.001	-0.200	0.069	0.139	-0.494	-0.266	-0.073
I	-0.218	-0.057	0.005	0.032	-0.061	-0.409	0.117	0.243	-0.017
K	0.253	0.028	0.001	0.162	0.009	0.106	0.026	-0.464	-0.995
L	-0.015	0.055	0.004	0.171	0.031	-0.100	0.201	0.030	0.073
M	-0.535	-0.022	0.001	-0.141	-0.005	-0.133	-0.172	-0.004	0.047
N	0.031	0.030	-0.001	-0.001	0.055	0.051	0.658	0.095	0.250
P	-0.002	0.067	-0.000	0.300	-0.035	-0.099	0.194	-0.007	0.117
Q	-0.123	0.058	0.001	-0.007	0.077	-0.080	0.290	0.142	0.131
R	-0.063	0.064	-0.002	-0.047	0.003	0.142	-0.174	0.026	-0.418
S	-0.087	-0.113	0.000	0.016	0.057	0.127	0.307	-0.041	0.032
T	-0.312	-0.040	0.003	0.062	0.019	0.089	0.120	0.124	0.056
V	-0.338	-0.003	0.002	0.398	-0.054	-0.143	-0.237	0.462	0.018
W	0.223	0.020	0.001	-0.243	-0.056	0.015	-0.631	-0.139	0.098
Y	0.099	0.042	-0.003	-0.336	-0.069	0.304	-0.738	-0.110	-0.145
Intercept	2.0787
