NumCols:	9
A	0.653	0.496	0.000	0.002	0.006	-0.125	0.626	-0.015	0.204
C	-0.029	0.242	-0.000	-0.000	0.000	-0.040	0.208	-0.001	0.008
D	-0.176	0.473	0.001	0.000	0.006	0.007	0.334	-0.001	-0.020
E	0.356	0.270	0.001	0.001	0.005	-0.033	0.352	-0.003	-0.174
F	-0.651	0.185	-0.011	-0.006	-0.013	-0.036	-0.396	0.002	-0.180
G	0.200	0.058	0.008	0.001	-0.000	-0.041	0.429	0.001	0.060
H	-0.733	-1.558	0.001	-0.001	0.000	0.178	-0.191	0.004	0.012
I	-0.336	-0.367	-0.021	-0.005	-0.007	-0.163	-0.383	0.001	0.243
K	0.720	0.626	0.009	0.003	0.001	0.175	0.237	0.003	0.155
L	-0.255	0.452	-0.004	-0.002	-0.008	0.056	-0.252	0.002	-0.663
M	-0.593	0.257	-0.004	-0.005	-0.006	0.027	-0.290	0.003	-0.050
N	-0.540	0.386	0.001	-0.002	0.000	0.053	0.085	0.006	-0.126
P	0.567	-0.463	-0.002	0.009	0.008	-0.058	0.473	-0.002	0.021
Q	0.471	-1.265	0.007	0.005	0.004	0.000	0.163	0.005	-0.167
R	0.506	-0.095	0.013	0.009	0.007	0.222	-0.273	0.006	0.398
S	0.120	0.105	0.008	-0.002	0.005	-0.046	0.046	-0.003	0.179
T	0.037	0.055	0.007	-0.001	0.005	-0.066	-0.113	-0.006	0.067
V	0.127	0.110	-0.010	-0.002	-0.002	-0.123	-0.097	-0.012	0.034
W	-0.328	-0.086	-0.003	-0.001	-0.004	-0.014	-0.286	0.004	0.012
Y	-0.116	0.119	0.001	-0.003	-0.009	0.026	-0.672	0.004	-0.013
Intercept	3.80118
