NumCols:	8
A	-0.431	-0.086	0.217	0.020	-0.314	0.051	-0.123	0.317
C	-0.048	-0.165	0.002	0.063	0.157	0.003	-0.039	-0.001
D	0.879	-0.185	0.433	0.187	0.365	-0.037	0.095	0.127
E	0.687	-0.857	0.309	0.042	0.347	-0.013	-0.018	0.073
F	-0.913	-0.169	-0.426	-0.176	-0.161	-0.714	-0.123	-0.267
G	-0.525	-0.014	0.221	0.141	-0.291	0.182	-0.016	0.129
H	-0.335	0.604	-0.272	0.110	-0.079	0.113	0.037	0.360
I	0.168	-0.196	-0.391	-0.029	-0.538	-0.018	-0.011	-1.460
K	-0.034	0.439	-0.106	-0.179	0.400	0.321	0.126	0.135
L	-0.057	-0.264	-0.281	-0.217	-0.311	-0.016	-0.137	-0.455
M	-0.179	0.116	-0.317	0.039	-0.403	-0.030	-0.025	-0.635
N	0.333	0.111	0.158	0.058	0.239	0.042	0.062	0.138
P	0.977	-0.308	0.562	0.148	0.213	0.083	-0.047	0.207
Q	0.310	-0.225	0.239	-0.045	0.127	0.190	0.013	0.196
R	-0.301	0.483	-0.299	0.054	0.257	-0.030	0.155	0.433
S	-0.146	0.544	0.123	0.027	-0.048	0.616	0.085	0.310
T	0.354	0.221	0.262	0.085	0.045	-0.020	0.015	0.381
V	0.286	-0.121	0.101	0.076	-0.483	-0.329	-0.093	-0.421
W	-0.243	0.019	-0.235	-0.079	0.258	-0.305	0.022	-0.134
Y	-0.782	0.052	-0.300	-0.324	0.221	-0.089	0.022	0.568
Intercept	4.40031
