NumCols:	10
A	0.234	0.396	0.071	-0.162	-0.033	-0.174	0.017	0.133	-0.381	0.587
C	0.001	0.013	-0.080	-0.113	-0.036	-0.043	-0.002	-0.097	-0.140	0.177
D	0.304	0.050	0.030	0.059	0.028	0.019	0.006	0.077	0.569	0.108
E	0.744	-0.005	0.031	0.076	0.056	0.030	0.015	0.015	0.184	0.198
F	0.089	-0.364	-0.174	-0.018	-0.123	0.076	-0.024	-0.290	-0.241	0.192
G	0.185	0.162	0.007	-0.046	-0.017	-0.039	0.029	0.109	0.267	0.100
H	-0.291	-0.202	-0.005	-0.040	-0.002	0.074	-0.009	0.019	-0.976	-0.427
I	-0.160	0.186	-0.015	0.023	-0.002	0.079	-0.027	-0.150	0.731	0.475
K	-1.070	-0.051	0.019	-0.119	0.027	0.008	0.005	0.265	-0.062	-0.835
L	0.194	-0.356	0.036	0.106	0.033	0.111	-0.024	-0.144	-0.510	0.188
M	-0.143	-0.364	-0.032	0.075	0.005	0.093	-0.025	-0.069	0.216	0.032
N	0.388	-0.116	0.027	0.052	0.033	0.043	-0.002	0.058	-0.112	-0.087
P	0.504	0.314	0.055	-0.060	0.085	-0.177	0.028	0.076	0.041	0.173
Q	0.291	0.008	0.117	0.132	0.082	-0.031	0.021	-0.006	0.217	-0.109
R	-0.807	-0.072	-0.020	-0.217	0.010	-0.042	0.020	0.210	0.326	-1.020
S	-0.086	0.183	0.087	0.071	-0.026	-0.047	0.022	0.121	0.141	-0.048
T	0.030	0.296	0.117	0.137	-0.013	0.019	0.013	0.036	0.196	0.125
V	0.136	0.275	0.063	0.039	-0.007	-0.008	-0.014	-0.025	0.162	0.350
W	-0.454	-0.144	-0.169	0.027	-0.056	0.007	-0.017	-0.232	0.050	-0.047
Y	-0.089	-0.209	-0.164	-0.021	-0.041	0.002	-0.031	-0.104	-0.679	-0.131
Intercept	4.01219
