NumCols:	9
A	-0.313	-0.327	-0.057	-0.072	0.259	0.146	0.289	0.184	0.315
C	-0.182	0.096	0.001	-0.036	-0.053	-0.030	-0.016	-0.137	0.085
D	-0.127	0.270	0.092	0.157	-0.072	0.026	-0.061	-0.019	0.126
E	-0.171	0.302	0.021	0.105	-0.016	-0.048	-0.002	0.057	0.228
F	0.087	0.147	-0.321	-0.047	-0.245	-0.330	-0.512	-0.066	0.055
G	-0.257	-0.183	0.139	0.037	0.077	0.007	0.145	0.145	0.094
H	0.131	0.242	0.073	0.012	-0.211	0.063	-0.177	-0.116	-0.667
I	0.000	-0.004	-0.246	-0.224	0.001	-0.137	-0.231	0.039	0.182
K	0.119	0.341	0.108	0.034	0.067	0.161	0.107	0.281	-0.927
L	-0.045	0.174	-0.205	0.086	-0.024	-0.126	-0.221	0.065	0.299
M	-0.075	-0.202	-0.149	0.039	-0.080	-0.169	-0.283	0.014	0.149
N	0.199	-0.062	0.123	-0.099	-0.065	0.053	0.188	-0.061	-0.011
P	0.616	0.320	0.187	-0.166	0.281	0.041	0.152	-0.127	0.370
Q	-0.199	0.126	0.166	-0.088	0.052	-0.014	0.359	0.062	0.185
R	0.076	0.672	0.205	0.092	-0.004	0.225	0.170	-0.039	-0.702
S	-0.299	-0.822	0.104	-0.012	0.066	0.154	0.318	0.046	-0.037
T	0.002	-0.721	0.027	0.049	0.141	0.120	0.260	0.041	0.116
V	0.131	-0.349	-0.165	0.027	0.156	0.032	0.001	0.129	0.343
W	0.259	-0.007	-0.028	0.060	-0.184	-0.115	-0.148	-0.312	0.058
Y	0.048	-0.012	-0.076	0.047	-0.145	-0.061	-0.336	-0.187	-0.260
Intercept	4.31344
