NumCols:	10
A	-0.364	0.971	-0.077	0.010	0.054	0.125	0.535	0.282	-0.005	0.010
C	-0.001	-0.013	-0.021	-0.112	-0.009	-0.049	-0.252	-0.190	-0.135	0.342
D	0.084	0.072	-0.017	-0.155	0.006	0.071	0.223	-0.029	0.047	0.170
E	-0.305	-0.029	-0.019	-0.094	0.041	0.059	0.126	-0.117	-0.052	0.089
F	-0.093	-0.802	-0.193	0.066	-0.155	-0.261	-0.698	-0.378	-0.350	-0.261
G	0.130	0.644	0.011	0.093	0.014	0.151	0.061	0.310	-0.074	0.062
H	0.120	-0.353	0.105	-0.010	0.059	0.080	-0.116	-0.033	0.066	-0.003
I	0.384	0.064	-0.098	-0.046	-0.057	-0.254	-0.472	-0.088	-0.074	0.172
K	0.050	-0.076	0.135	0.101	0.131	0.027	0.677	0.318	0.219	0.155
L	0.306	-0.703	-0.112	0.046	-0.061	-0.170	-0.439	-0.593	-0.075	-0.248
M	-0.343	-0.734	-0.127	0.011	-0.048	-0.143	-0.386	-0.199	-0.060	-0.875
N	0.363	-0.152	0.097	0.008	-0.052	-0.004	-0.179	-0.120	0.053	-0.045
P	0.517	0.117	-0.014	-0.033	0.065	0.080	0.706	0.171	0.085	0.352
Q	0.336	0.050	0.097	0.062	0.084	0.125	0.143	0.170	0.104	0.013
R	-0.291	-0.199	0.142	0.130	0.151	0.161	0.399	0.344	0.177	0.086
S	-0.682	0.868	0.147	0.060	0.121	0.257	0.304	0.318	0.113	-0.096
T	-0.212	1.085	0.131	0.025	0.019	0.177	0.319	0.207	0.192	-0.074
V	-0.102	0.675	-0.015	-0.017	-0.073	-0.115	0.159	0.065	0.098	-0.559
W	0.039	-0.517	-0.050	-0.133	-0.144	-0.235	-0.769	-0.195	-0.135	0.656
Y	0.066	-0.966	-0.120	-0.012	-0.146	-0.081	-0.340	-0.245	-0.192	0.053
Intercept	4.33
