NumCols:	10
A	-0.088	0.006	-0.053	0.117	-0.297	-0.244	0.004	-0.026	-0.122	-0.002
C	0.001	0.003	-0.011	-0.046	-0.646	-0.165	0.019	-0.024	0.013	0.064
D	0.436	-0.046	-0.015	-0.080	-0.063	-0.170	0.006	-0.163	0.074	0.027
E	0.322	0.029	-0.039	-0.074	-0.231	-0.117	0.008	-0.071	-0.176	0.001
F	-0.123	0.008	0.007	-0.020	0.015	-0.350	-0.018	-0.696	-0.062	0.028
G	-0.010	0.001	-0.028	0.024	0.097	-0.110	0.012	0.154	0.142	0.035
H	-0.215	-0.006	0.021	0.039	0.285	0.167	0.020	0.065	0.410	0.146
I	0.017	0.009	0.002	0.009	-0.853	0.089	-0.027	-0.275	-0.358	-0.222
K	-0.167	-0.006	0.065	0.097	0.528	0.170	-0.010	0.387	0.234	0.065
L	-0.067	0.017	-0.015	0.004	0.235	0.162	-0.012	-0.286	-0.448	-0.129
M	-0.118	0.004	-0.008	0.016	-0.114	0.074	0.002	-0.260	-0.053	0.023
N	-0.024	-0.008	-0.010	-0.022	0.138	0.193	0.019	0.054	0.333	0.045
P	0.516	-0.010	0.062	-0.011	-0.024	0.271	-0.017	0.403	-0.160	-0.072
Q	0.114	0.013	-0.020	-0.036	0.301	0.143	0.022	0.340	0.064	0.018
R	-0.147	-0.006	0.078	0.068	0.677	0.175	0.012	0.428	0.439	0.181
S	-0.126	-0.004	-0.042	0.022	-0.286	-0.021	0.033	0.176	0.324	-0.004
T	0.071	-0.006	-0.031	-0.015	0.084	-0.073	-0.001	0.213	-0.005	-0.119
V	-0.008	0.007	-0.008	0.022	0.012	0.084	-0.031	-0.118	-0.363	-0.397
W	-0.009	-0.008	0.022	-0.093	-0.319	-0.140	-0.019	-0.120	0.002	0.092
Y	-0.375	-0.000	0.023	-0.019	0.460	-0.138	-0.022	-0.180	-0.289	0.221
Intercept	3.84124
