NumCols:	15
A	0.001	-0.009	-0.080	0.001	0.012	0.366	0.044	0.178	-0.013	0.141	0.061	0.023	0.184	-0.078	-0.083
C	0.001	-0.006	0.002	-0.000	-0.001	-0.022	-0.016	0.017	0.011	-0.003	-0.032	-0.013	-0.016	0.010	-0.033
D	0.002	0.001	0.354	-0.001	0.025	0.041	0.017	0.291	0.006	0.062	0.140	0.016	0.110	0.010	0.006
E	0.002	0.004	0.113	-0.001	0.024	0.030	-0.075	0.190	0.002	0.031	0.035	-0.083	0.063	-0.000	-0.033
F	-0.003	-0.008	-0.548	-0.004	-0.024	-0.300	-0.105	-0.608	0.015	-0.089	-0.625	-0.041	0.058	0.037	-0.127
G	0.001	0.001	-0.059	0.002	0.010	0.152	0.064	0.053	0.006	0.061	0.128	0.001	0.105	-0.013	0.038
H	-0.002	0.013	0.128	-0.002	-0.030	-0.109	0.066	-0.064	0.016	-0.130	0.152	0.112	-0.161	0.015	0.079
I	-0.002	-0.008	-0.188	0.000	0.011	-0.126	-0.017	-0.019	-0.005	0.027	-0.307	-0.116	-0.090	0.005	-0.137
K	-0.004	0.015	0.104	0.001	-0.008	0.084	0.064	-0.057	-0.003	-0.017	0.159	0.152	-0.204	-0.005	0.054
L	-0.001	0.002	-0.168	0.002	-0.006	-0.094	-0.088	-0.061	-0.002	-0.035	-0.332	-0.194	-0.164	0.023	-0.088
M	-0.006	0.004	-0.125	0.003	-0.029	-0.213	-0.079	-0.016	0.002	-0.103	-0.119	-0.111	-0.149	0.025	-0.114
N	0.003	0.004	0.224	0.003	0.005	-0.038	-0.028	0.240	0.006	-0.026	0.168	-0.071	-0.059	0.044	0.064
P	0.005	-0.019	0.377	-0.006	0.063	0.279	-0.043	0.183	-0.041	0.144	-0.265	0.086	0.133	-0.101	0.030
Q	0.003	0.007	0.179	0.001	0.009	0.047	-0.024	0.191	-0.009	0.004	0.176	-0.046	-0.003	-0.000	0.038
R	-0.007	0.020	0.113	0.002	-0.025	0.013	0.133	-0.056	0.007	-0.052	0.099	0.247	0.021	-0.023	0.121
S	0.001	0.003	0.060	0.003	-0.005	0.085	0.030	-0.042	0.002	0.039	0.353	0.079	0.026	-0.005	0.125
T	0.005	-0.004	0.065	0.001	0.014	0.072	0.051	0.038	0.006	0.055	0.271	0.033	0.175	-0.002	0.138
V	0.002	-0.009	-0.092	-0.001	0.017	0.138	-0.000	-0.140	-0.012	0.073	0.009	-0.091	0.106	-0.022	-0.001
W	-0.000	-0.011	-0.077	-0.002	-0.013	-0.214	-0.039	-0.150	0.009	-0.096	-0.053	-0.009	-0.129	0.043	-0.024
Y	-0.002	-0.002	-0.380	-0.002	-0.050	-0.192	0.043	-0.168	-0.001	-0.086	-0.017	0.025	-0.004	0.038	-0.052
Intercept	3.65345
