NumCols:	9
A	-0.321	0.002	-0.090	-0.201	-0.165	0.105	0.044	-0.048	-0.002
C	-0.136	0.000	0.002	-0.193	0.019	-0.042	-0.045	-0.243	-0.001
D	-0.550	0.001	0.047	-0.403	0.035	-0.096	-0.064	-0.313	0.000
E	-0.372	0.000	0.004	-0.501	-0.138	-0.137	0.054	-0.377	0.001
F	0.396	-0.004	0.030	0.206	-0.345	0.082	0.139	0.090	-0.001
G	-0.047	0.001	-0.017	-0.312	0.331	-0.059	-0.087	-0.171	-0.001
H	0.387	-0.001	0.137	0.046	0.280	0.027	-0.067	0.275	0.003
I	0.000	-0.000	0.118	0.293	0.584	-0.044	0.176	0.640	-0.012
K	0.530	-0.001	0.041	0.185	0.425	0.231	-0.043	0.189	0.001
L	0.208	-0.006	-0.012	0.586	-0.221	0.058	0.262	0.231	0.005
M	0.136	-0.003	-0.079	0.385	-0.069	-0.021	0.449	0.366	0.001
N	-0.198	0.000	-0.045	-0.018	0.025	-0.078	-0.006	-0.031	0.003
P	-0.411	0.003	0.033	-0.468	-0.282	-0.053	-0.516	-0.133	0.000
Q	-0.111	0.003	-0.069	-0.144	-0.538	-0.148	-0.115	-0.186	0.004
R	0.780	0.001	0.041	-0.302	1.262	0.187	0.011	0.412	0.002
S	-0.093	0.003	-0.037	0.180	-0.460	-0.011	-0.122	-0.319	0.000
T	-0.224	0.002	-0.039	0.198	0.017	0.006	-0.172	-0.331	0.000
V	-0.161	0.000	0.017	0.346	0.061	0.036	0.053	0.073	-0.003
W	-0.063	-0.000	-0.033	0.075	-0.123	-0.071	-0.114	-0.130	-0.001
Y	0.250	-0.001	-0.049	0.043	-0.697	0.028	0.165	0.005	0.000
Intercept	1.18497
