NumCols:	10
A	0.532	-0.062	0.134	-0.015	-0.352	0.147	-0.014	0.011	0.665	0.046
C	0.058	-0.036	0.013	-0.001	0.037	-0.099	0.001	-0.002	-0.314	0.058
D	-0.422	0.482	-0.069	-0.007	0.129	0.571	-0.009	0.001	-0.035	0.049
E	-0.409	-0.302	-0.062	-0.014	0.229	0.382	0.002	0.005	-0.161	0.016
F	-0.313	-0.086	0.027	-0.002	-0.196	-0.722	0.018	-0.023	-0.774	0.163
G	0.252	-0.011	0.113	0.003	-0.041	-0.148	-0.008	0.002	0.018	0.062
H	0.033	0.060	0.010	0.004	0.498	-0.412	-0.002	-0.012	-0.139	0.352
I	0.039	-0.096	-0.101	0.003	-0.338	0.616	0.016	0.006	-0.016	-1.084
K	0.959	0.063	0.048	0.004	0.142	0.036	-0.008	-0.017	0.283	0.093
L	0.132	-0.184	-0.085	-0.000	-0.240	0.001	0.013	0.003	-0.071	-0.267
M	0.109	-0.043	-0.156	0.003	-0.292	-0.060	0.011	-0.005	-0.071	-0.046
N	-0.395	0.080	-0.073	0.007	0.115	0.136	-0.002	0.001	-0.136	0.159
P	0.092	0.104	0.055	-0.015	0.251	0.402	-0.006	0.014	0.453	-0.083
Q	-0.077	-0.138	-0.039	0.001	0.257	-0.019	0.007	0.015	0.420	0.059
R	0.813	0.063	0.060	-0.007	0.475	-0.192	-0.005	-0.012	0.672	0.375
S	-0.390	0.040	0.000	0.008	-0.120	0.161	-0.012	0.011	0.343	0.045
T	-0.532	0.059	0.005	0.012	-0.233	0.070	-0.008	0.013	0.166	-0.093
V	-0.233	-0.075	0.053	0.006	-0.562	0.446	-0.001	0.015	0.141	-0.482
W	0.045	0.080	-0.036	0.008	-0.013	-0.456	0.007	-0.011	-0.602	0.100
Y	-0.292	0.000	0.102	0.002	0.253	-0.860	-0.000	-0.015	-0.841	0.477
Intercept	3.05186
