NumCols:	9
A	-0.260	-0.937	0.210	-0.135	0.210	0.009	-0.136	-0.163	-0.118
C	0.071	0.216	0.016	-0.076	0.032	0.040	-0.015	0.275	0.127
D	0.455	0.537	0.495	0.363	-0.122	0.078	-0.303	0.186	0.263
E	0.468	0.333	0.297	-0.025	0.207	0.062	-0.170	-0.191	0.119
F	-0.403	-0.026	-0.255	0.020	0.057	-0.083	-0.118	-0.255	-0.303
G	0.082	-0.236	0.247	0.221	0.064	0.091	0.223	0.586	0.194
H	-0.057	0.191	-0.144	0.078	-0.169	0.138	-0.051	0.098	0.357
I	-0.034	0.111	-0.562	-0.082	0.298	-0.040	0.065	0.124	-0.879
K	-0.027	0.293	0.417	0.076	0.135	0.115	0.423	0.353	0.274
L	0.059	0.041	-0.498	-0.172	-0.325	-0.109	0.028	-0.084	-0.722
M	-0.118	-0.731	-0.458	-0.087	-0.471	-0.199	0.092	0.147	-0.837
N	0.113	0.080	-0.095	0.035	-1.391	0.148	0.076	0.171	0.081
P	0.578	0.514	0.024	0.277	0.291	0.068	-0.028	-0.605	0.380
Q	0.217	-0.345	0.150	-0.043	0.033	-0.072	0.087	-0.045	0.198
R	-0.164	0.298	0.561	-0.087	0.406	-0.062	0.305	0.339	0.694
S	-0.281	-0.712	0.312	-0.094	-0.106	0.106	-0.036	-0.030	0.134
T	-0.056	-0.180	0.154	-0.097	0.250	0.026	-0.240	-0.370	0.129
V	-0.145	-0.132	-0.252	-0.333	0.269	0.012	-0.060	-0.134	-0.483
W	-0.046	0.471	-0.261	0.053	-0.010	-0.180	-0.035	0.012	0.094
Y	-0.451	0.214	-0.358	0.109	0.340	-0.150	-0.107	-0.415	0.298
Intercept	5.40257
