NumCols:	10
A	-0.052	-0.066	-0.004	0.047	0.121	0.002	-0.046	-0.015	-0.149	-0.022
C	0.017	0.041	-0.008	-0.053	0.024	0.008	-0.020	-0.004	-0.024	0.110
D	0.088	0.060	-0.092	-0.073	0.129	0.015	-0.004	0.009	0.066	0.178
E	0.123	0.112	-0.078	-0.067	0.084	0.025	0.006	0.008	0.081	0.076
F	0.084	-0.088	-0.374	-0.246	-0.312	-0.032	-0.056	-0.011	-0.164	-0.281
G	0.047	0.000	0.080	0.100	0.048	-0.014	-0.002	-0.005	0.011	0.046
H	-0.004	0.024	0.153	-0.150	-0.130	-0.027	0.012	0.008	-0.013	0.087
I	-0.195	-0.013	-0.018	0.051	0.054	0.047	0.020	-0.009	-0.022	-0.219
K	-0.173	-0.031	0.126	0.022	-0.042	-0.045	0.037	0.003	-0.105	0.111
L	0.092	0.184	0.134	0.099	-0.019	0.005	0.003	-0.006	0.009	-0.369
M	0.032	0.027	-0.021	0.033	-0.002	-0.016	-0.009	-0.005	-0.077	-0.277
N	0.023	-0.067	0.060	0.001	-0.007	0.014	0.014	0.017	0.090	0.009
P	0.139	0.190	0.027	0.057	0.106	0.010	-0.013	-0.008	0.223	0.215
Q	0.103	0.052	0.059	0.099	0.105	0.002	0.015	0.009	0.178	0.021
R	0.002	-0.088	0.140	-0.018	0.060	-0.071	0.039	-0.004	-0.060	0.327
S	-0.172	-0.144	0.174	0.092	-0.003	-0.012	0.019	0.006	-0.030	-0.045
T	-0.076	-0.047	0.166	0.077	0.026	0.025	0.020	0.009	0.088	0.047
V	-0.161	0.006	0.057	0.156	0.065	0.059	0.005	-0.001	0.038	-0.209
W	-0.003	-0.043	-0.151	-0.070	-0.108	0.015	-0.013	0.005	0.000	0.157
Y	0.088	-0.110	-0.432	-0.160	-0.199	-0.012	-0.028	-0.005	-0.139	0.038
Intercept	4.17686
