NumCols:	9
A	0.046	0.024	-0.244	0.078	0.031	0.078	0.056	0.015	0.246
C	-0.065	-0.037	-0.014	-0.013	0.048	-0.019	-0.067	-0.013	-0.051
D	-0.118	0.012	-0.041	-0.010	0.105	-0.004	-0.072	0.057	0.131
E	-0.095	-0.018	-0.029	0.064	0.088	-0.038	-0.042	0.019	0.047
F	-0.102	-0.074	0.118	0.045	0.044	-0.051	-0.149	-0.005	-0.456
G	-0.116	-0.306	-0.110	0.005	-0.009	-0.010	-0.016	0.002	0.044
H	0.056	0.030	0.118	-0.123	-0.124	0.062	0.019	0.053	-0.010
I	0.019	0.028	0.145	0.148	0.057	-0.112	-0.080	-0.063	-0.268
K	0.133	0.017	0.058	-0.043	-0.174	0.135	0.076	0.103	0.182
L	0.047	0.015	0.128	0.127	-0.000	-0.099	-0.002	0.022	-0.227
M	0.096	0.011	0.209	0.038	0.012	-0.037	-0.007	0.013	-0.158
N	-0.010	-0.004	0.057	-0.041	-0.036	-0.089	0.034	0.005	0.012
P	-0.012	0.049	-0.636	-0.011	0.084	0.116	0.012	0.003	0.260
Q	0.027	-0.030	-0.077	0.011	-0.009	-0.083	0.077	0.002	0.123
R	0.136	0.053	0.020	-0.145	-0.248	0.204	0.040	0.074	0.191
S	0.082	-0.057	-0.002	-0.065	-0.028	-0.018	0.081	0.014	0.175
T	-0.023	0.043	-0.035	0.008	0.004	-0.004	0.085	-0.014	0.121
V	-0.022	0.113	-0.016	0.098	0.066	-0.012	0.045	-0.007	0.013
W	-0.052	0.030	0.126	-0.071	0.062	-0.050	-0.058	-0.089	-0.219
Y	-0.027	0.102	0.224	-0.099	0.025	0.031	-0.033	-0.188	-0.157
Intercept	4.46784
