NumCols:	11
A	-0.060	-0.006	0.052	0.037	-0.026	0.022	0.007	0.013	-0.099	-0.004	-0.114
C	-0.003	-0.004	-0.012	-0.012	-0.024	-0.092	-0.001	-0.000	-0.031	0.000	0.030
D	0.028	0.001	0.023	0.011	0.051	0.280	-0.001	0.010	0.052	0.003	0.010
E	0.032	-0.000	-0.002	0.014	0.034	0.103	-0.000	0.005	0.043	-0.002	-0.017
F	0.036	-0.002	-0.166	-0.067	-0.188	-0.402	-0.024	-0.026	-0.148	-0.021	-0.064
G	-0.015	-0.002	0.006	-0.000	0.001	-0.064	0.009	0.002	-0.063	0.001	0.038
H	-0.003	0.001	-0.044	-0.022	-0.021	-0.011	-0.003	-0.007	0.044	-0.004	0.134
I	0.022	0.000	0.013	0.005	-0.034	0.105	-0.005	-0.003	-0.079	0.006	-0.130
K	-0.062	0.004	0.045	0.005	-0.036	0.050	-0.003	-0.005	-0.035	0.000	0.130
L	0.051	0.006	-0.008	0.007	-0.009	-0.065	-0.009	-0.005	0.007	-0.002	-0.206
M	0.011	0.002	-0.046	-0.010	-0.027	0.040	-0.007	-0.008	0.039	0.004	-0.149
N	-0.006	-0.002	-0.011	-0.029	0.060	-0.148	0.002	0.004	0.053	0.006	0.053
P	-0.015	-0.003	0.179	0.058	0.117	0.316	0.019	0.022	0.083	0.010	0.087
Q	0.020	0.003	0.053	0.032	0.108	-0.077	0.009	0.009	0.116	0.007	0.041
R	-0.043	0.004	0.036	0.011	0.016	-0.043	-0.001	-0.002	-0.001	-0.009	0.110
S	-0.036	-0.001	0.036	0.026	0.087	-0.077	0.014	0.006	-0.007	0.008	0.005
T	-0.017	0.001	0.047	0.026	0.062	0.059	0.012	0.008	-0.004	0.007	-0.004
V	-0.011	0.001	0.060	0.022	0.016	0.067	0.001	0.003	-0.047	0.004	-0.174
W	0.024	-0.002	-0.094	-0.052	-0.061	-0.060	-0.006	-0.009	0.027	-0.001	0.064
Y	0.047	-0.002	-0.167	-0.061	-0.125	-0.003	-0.013	-0.017	0.050	-0.012	0.155
Intercept	3.98798
