NumCols:	8
A	-0.173	-0.225	0.313	-0.043	0.138	-0.527	-0.160	0.111
C	0.132	0.280	-0.023	0.110	-0.066	-0.019	0.242	0.132
D	0.558	0.427	0.454	0.244	0.387	0.380	0.359	0.184
E	0.556	0.446	0.342	0.061	0.243	0.334	0.283	-0.031
F	-0.159	-0.220	-0.916	-0.060	-1.145	-0.159	-0.097	-0.031
G	0.311	-0.184	0.359	0.315	0.352	-0.062	-0.077	0.125
H	0.230	0.113	-0.013	0.020	-0.420	-0.010	-0.213	0.506
I	-0.719	-0.406	-0.240	-0.039	0.253	-0.002	0.454	-0.371
K	-0.105	0.335	0.414	0.031	0.492	0.202	0.122	0.089
L	-0.089	0.128	-0.280	-0.140	-0.117	0.068	0.059	-1.130
M	-0.382	-0.169	-0.160	-0.095	-0.145	-0.115	-0.013	-0.537
N	0.357	-0.328	0.129	-0.007	0.237	0.086	-0.419	0.003
P	0.840	0.210	0.130	0.221	0.337	0.027	-0.381	0.284
Q	0.220	0.024	0.153	-0.141	0.213	0.124	-0.105	0.125
R	-0.100	0.499	0.006	-0.230	0.300	-0.062	-0.315	0.370
S	-0.397	-0.647	0.513	-0.050	0.191	-0.151	-0.060	0.126
T	-0.278	-0.424	0.317	-0.083	0.219	-0.062	0.037	0.144
V	-0.708	-0.259	0.025	-0.114	0.030	-0.067	0.192	-0.571
W	-0.039	0.128	-0.503	-0.044	-0.443	0.146	0.292	0.093
Y	-0.057	0.275	-1.021	0.044	-1.056	-0.131	-0.201	0.376
Intercept	4.80374
