NumCols:	9
A	-0.112	-0.216	-0.187	-0.128	-0.126	-0.078	-0.002	-0.168	-0.595
C	0.153	1.071	0.096	-0.215	-0.097	-0.019	-0.127	0.105	0.052
D	0.888	0.729	-0.132	-0.408	0.003	0.096	0.137	0.485	0.070
E	0.793	0.301	0.397	-0.436	0.111	0.334	0.080	-0.174	-0.071
F	-0.864	-0.016	-0.266	0.073	-0.129	-0.692	-0.523	-0.358	-0.324
G	0.094	-0.414	0.377	-0.098	-0.085	0.166	0.315	-0.153	0.201
H	0.203	0.865	0.242	0.001	-0.199	0.082	-0.178	-0.211	0.720
I	-0.174	-0.643	-0.394	0.270	-0.076	-0.277	-0.083	0.293	-0.672
K	-0.334	0.505	0.584	0.165	0.240	0.579	0.638	0.285	0.802
L	-0.188	-0.791	-0.386	0.215	-0.040	-0.443	-0.005	-0.079	-0.670
M	-0.474	-0.851	-0.598	0.083	-0.015	-0.302	-0.123	0.085	-0.337
N	0.027	0.746	0.200	0.038	0.099	0.059	0.081	0.182	0.185
P	0.837	0.665	0.012	-0.246	0.260	0.354	-0.168	-0.292	-0.087
Q	0.169	-1.393	0.312	0.112	0.238	0.325	0.111	0.099	0.366
R	-0.154	0.556	0.573	0.194	0.094	0.438	0.555	0.198	0.635
S	0.043	-0.223	0.042	0.044	0.107	-0.093	0.147	-0.112	0.272
T	0.133	-0.486	0.070	0.126	0.096	-0.047	-0.057	-0.023	-0.057
V	-0.106	-0.729	-0.318	0.271	-0.097	-0.103	-0.061	0.215	-1.313
W	-0.314	0.148	-0.325	-0.134	-0.139	-0.384	-0.545	-0.051	0.300
Y	-0.621	0.176	-0.301	0.074	-0.244	0.006	-0.192	-0.326	0.523
Intercept	4.27797
