NumCols:	11
A	-0.026	0.024	-0.002	0.096	0.041	-0.057	-0.027	0.060	0.049	-0.107	0.101
C	-0.004	0.015	-0.015	-0.012	0.001	0.021	-0.052	0.009	-0.001	0.002	0.021
D	-0.021	-0.026	0.051	-0.042	-0.022	0.010	0.007	0.017	0.034	0.022	-0.013
E	-0.048	-0.003	0.042	-0.019	0.002	-0.002	0.004	0.043	0.014	0.024	-0.061
F	-0.001	0.045	-0.131	-0.032	-0.111	-0.010	-0.066	-0.034	-0.104	0.010	0.034
G	0.016	0.017	-0.013	0.038	0.025	0.016	-0.004	0.019	0.009	-0.037	0.014
H	0.026	0.037	-0.010	-0.001	-0.019	0.026	-0.017	-0.043	-0.037	0.026	0.035
I	-0.000	-0.023	-0.098	0.014	-0.008	0.002	0.031	-0.000	0.007	0.003	-0.008
K	0.036	0.018	-0.028	0.043	-0.049	0.018	0.009	-0.112	-0.054	0.006	0.112
L	-0.047	-0.020	0.005	-0.005	-0.031	-0.044	0.007	0.010	-0.026	-0.012	-0.139
M	0.004	-0.013	-0.020	0.001	-0.025	-0.005	-0.007	-0.012	-0.006	0.021	-0.067
N	0.004	-0.005	0.035	-0.067	0.045	0.014	0.006	-0.029	0.014	0.044	-0.055
P	-0.000	-0.154	0.109	-0.062	0.139	0.002	0.078	0.075	0.080	0.030	-0.014
Q	-0.001	-0.033	0.113	-0.019	0.053	0.007	0.052	0.047	0.038	0.024	-0.159
R	0.054	0.027	-0.006	0.036	-0.026	0.019	0.010	-0.072	-0.032	0.011	0.118
S	0.017	0.049	0.039	0.060	0.053	-0.008	0.023	0.017	0.045	-0.041	0.012
T	-0.013	0.020	0.043	0.021	0.013	-0.034	0.038	0.007	0.053	-0.064	-0.005
V	-0.045	-0.041	-0.016	0.032	0.012	-0.040	0.030	0.025	0.029	-0.042	-0.000
W	0.015	0.005	-0.029	-0.070	-0.031	0.040	-0.029	-0.021	-0.019	0.045	0.009
Y	0.034	0.063	-0.070	-0.009	-0.062	0.025	-0.091	-0.004	-0.094	0.035	0.067
Intercept	4.2866
