NumCols:	11
A	0.016	-0.184	0.168	0.061	0.293	-0.026	-0.159	-0.632	0.006	0.211	0.477
C	0.028	0.030	-0.048	0.034	-0.046	0.056	0.084	0.035	-0.005	0.065	-0.230
D	0.016	0.100	-0.182	-0.037	-0.204	-0.067	0.263	0.134	-0.171	0.119	-0.153
E	-0.027	0.148	-0.079	-0.077	-0.094	-0.071	0.139	0.040	-0.087	0.039	-0.039
F	0.103	0.288	-0.371	0.023	0.092	0.236	-0.103	0.062	0.031	0.031	-0.220
G	0.036	-0.144	0.137	-0.069	-0.050	0.036	-0.010	0.060	-0.192	0.168	0.011
H	-0.011	-0.021	0.027	-0.039	-0.116	-0.012	-0.024	0.271	0.058	0.005	-0.115
I	-0.019	0.116	-0.210	0.119	0.373	0.163	0.077	-0.461	0.115	-0.125	0.204
K	-0.106	0.004	0.195	0.059	0.197	-0.186	-0.090	-0.216	0.344	0.132	0.347
L	-0.021	0.137	-0.141	0.004	0.033	0.015	-0.102	-0.219	0.103	-0.350	0.283
M	0.015	0.037	-0.096	-0.006	-0.014	0.156	-0.040	-0.074	0.103	-0.360	-0.009
N	-0.015	-0.082	0.023	-0.097	-0.536	0.010	0.116	0.304	-0.109	0.075	-0.210
P	0.060	0.061	0.241	-0.020	-0.026	-0.288	0.171	-0.055	-0.123	0.336	0.087
Q	-0.179	-0.032	0.224	-0.127	-0.227	-0.019	0.018	0.174	-0.069	-0.194	-0.045
R	-0.049	0.097	0.211	0.089	0.135	-0.087	-0.112	-0.186	0.192	0.122	0.150
S	-0.030	-0.641	0.261	-0.264	0.096	0.031	0.082	0.202	-0.127	0.062	0.051
T	-0.014	-0.335	0.064	-0.067	0.047	-0.103	-0.001	0.181	-0.230	0.014	0.085
V	0.058	-0.013	-0.066	0.183	0.202	-0.028	-0.082	-0.247	0.011	-0.117	0.349
W	0.047	0.142	-0.176	0.108	-0.147	0.097	0.066	0.390	0.049	-0.179	-0.810
Y	0.092	0.293	-0.181	0.124	-0.007	0.086	-0.295	0.236	0.102	-0.053	-0.214
Intercept	4.09535
