NumCols:	9
A	0.422	0.336	-0.021	0.037	-0.164	-0.255	-0.213	-0.299	-0.018
C	0.011	0.119	-0.014	-0.068	0.043	0.012	0.060	0.118	0.068
D	0.067	0.210	-0.232	-0.076	0.018	0.099	0.017	0.235	-0.008
E	0.059	0.220	-0.097	-0.052	0.050	-0.052	-0.008	0.003	-0.131
F	-0.490	0.198	-0.121	0.062	0.094	0.261	0.123	0.150	0.032
G	0.253	0.043	0.204	0.054	-0.148	-0.158	0.079	-0.004	0.130
H	-0.504	-1.145	-0.005	-0.015	-0.135	-0.117	-0.038	0.074	0.164
I	0.151	0.358	-0.335	0.373	0.130	0.010	-0.058	-0.173	-0.263
K	0.309	-0.577	0.661	0.025	0.143	0.149	0.006	0.063	0.334
L	-0.062	-0.035	-0.047	0.022	0.240	0.208	0.079	-0.104	-0.635
M	-0.282	-0.083	-0.280	0.070	0.111	0.028	-0.026	0.115	-0.389
N	-0.311	-0.137	-0.060	-0.052	-0.051	-0.062	0.017	0.201	-0.137
P	0.502	-0.166	0.363	-0.217	0.024	-0.132	-0.258	-0.259	0.020
Q	0.023	-0.273	-0.086	0.013	-0.018	-0.289	-0.072	-0.065	-0.168
R	0.221	-0.131	0.643	0.009	0.022	0.242	-0.021	0.152	0.486
S	-0.053	0.023	0.006	-0.022	-0.104	-0.364	-0.142	-0.049	0.043
T	-0.044	0.219	-0.012	-0.061	-0.236	-0.063	-0.059	-0.234	-0.048
V	0.270	0.383	-0.154	0.120	0.048	0.073	-0.037	-0.323	-0.263
W	-0.328	0.238	-0.044	-0.105	-0.014	0.231	0.261	0.285	0.205
Y	-0.214	0.202	-0.369	-0.117	-0.053	0.182	0.289	0.117	0.577
Intercept	4.56203
