NumCols:	8
A	-0.218	0.305	0.121	-0.023	0.100	0.188	0.299	0.091
C	0.090	0.105	-0.053	-0.376	0.169	-0.028	-0.029	0.141
D	0.063	0.089	-0.044	-0.130	-0.097	-0.040	0.233	0.096
E	0.120	0.131	0.002	-0.081	-0.094	-0.124	0.065	0.146
F	0.179	0.056	-0.099	-0.608	-0.043	-0.386	-0.651	0.268
G	-0.112	0.163	-0.255	-0.205	0.101	0.008	0.086	0.012
H	0.135	0.084	-0.049	-0.079	0.061	-0.154	-0.011	-0.239
I	-0.081	-0.273	0.176	0.251	-0.191	-0.284	-0.013	0.240
K	0.100	0.149	-0.051	0.310	-0.242	0.282	-0.036	-0.969
L	0.049	-0.213	0.052	0.162	-0.130	0.044	-0.108	-0.013
M	-0.027	-0.151	0.041	0.170	0.071	-0.005	-0.110	0.063
N	-0.003	-0.051	-0.302	-0.003	0.300	0.127	0.011	-0.004
P	0.092	-0.048	0.124	0.166	-0.165	0.068	0.203	0.015
Q	-0.069	-0.139	0.108	0.437	0.330	-0.033	-0.014	-0.005
R	0.123	0.312	0.400	0.147	0.225	0.226	-0.045	-0.520
S	-0.444	0.072	0.060	0.158	0.069	0.235	0.255	-0.041
T	-0.336	-0.015	-0.003	0.256	-0.235	0.054	0.242	0.105
V	-0.104	-0.106	0.070	0.283	-0.303	0.126	0.106	0.166
W	0.168	-0.174	-0.129	-0.265	0.037	-0.095	-0.216	0.159
Y	0.277	-0.295	-0.172	-0.569	0.038	-0.207	-0.266	0.290
Intercept	4.47965
