NumCols:	8
A	0.088	0.040	-0.438	0.040	0.005	-0.022	-0.017	-0.005
C	-0.031	0.030	-0.160	0.001	-0.003	0.020	-0.042	0.082
D	0.153	0.159	0.035	-0.028	0.004	-0.013	-0.051	-0.008
E	0.144	0.053	0.051	0.004	0.003	-0.035	-0.087	-0.114
F	-0.412	-0.010	-0.249	-0.061	-0.007	-0.091	0.003	-0.136
G	0.052	0.028	-0.413	-0.005	0.006	0.053	-0.036	0.119
H	0.036	0.351	0.157	0.081	0.012	0.081	0.134	0.237
I	-0.531	-0.508	-0.043	-0.159	-0.010	-0.162	0.036	-0.067
K	0.104	0.102	0.116	0.079	0.008	0.070	0.329	0.235
L	-0.281	-0.950	-0.061	-0.073	-0.015	-0.117	-0.059	-0.691
M	-0.341	-0.838	-0.091	-0.030	-0.005	-0.075	0.006	-0.118
N	0.054	0.142	0.043	0.030	0.002	0.047	-0.079	0.009
P	0.347	0.462	0.057	-0.054	-0.008	-0.031	-0.235	-0.440
Q	0.255	-0.196	0.250	0.001	-0.002	0.036	-0.006	0.038
R	0.272	0.425	0.376	0.121	0.013	0.108	0.451	0.468
S	0.242	0.265	0.101	0.042	0.021	0.123	-0.010	0.313
T	0.277	0.344	0.165	0.014	0.008	0.066	-0.167	0.169
V	-0.073	0.051	0.042	-0.036	-0.012	-0.076	-0.121	-0.384
W	-0.114	0.051	0.107	-0.021	-0.010	0.021	-0.077	0.093
Y	-0.241	-0.000	-0.044	0.054	-0.010	-0.003	0.027	0.198
Intercept	4.58388
