NumCols:	9
A	0.109	-0.866	-0.520	-0.186	0.158	0.276	-0.282	-0.310	0.463
C	-0.186	0.214	-0.067	-0.153	-0.125	0.224	-0.068	0.027	-0.214
D	-0.616	0.294	0.342	-0.052	-0.156	0.093	0.094	0.283	0.103
E	-0.694	0.500	0.226	-0.149	-0.123	0.281	0.098	0.108	0.183
F	-0.231	0.379	0.214	0.019	0.189	-0.194	0.095	-0.151	-0.903
G	0.238	0.032	0.184	-0.096	0.006	0.120	-0.302	-0.217	0.150
H	-0.098	0.722	0.015	0.042	-0.418	0.007	0.056	0.154	-0.172
I	0.156	-0.659	-0.602	0.428	0.112	-0.430	0.158	-0.022	-0.162
K	0.739	0.190	0.098	0.000	0.233	0.493	0.207	0.122	0.625
L	0.270	-0.184	0.188	0.392	0.276	-0.589	0.170	-0.183	-0.262
M	-0.153	0.016	0.091	0.182	0.110	-0.808	0.113	-0.084	-1.084
N	-0.117	0.207	0.177	0.088	0.015	-0.071	0.031	0.034	-0.160
P	0.109	-0.031	-0.006	-0.005	-0.048	0.420	-0.092	-0.024	0.818
Q	0.048	0.252	0.287	-0.109	-0.150	0.128	-0.047	0.142	0.500
R	0.694	0.421	0.101	-0.263	0.058	0.548	-0.151	0.188	0.616
S	-0.019	-0.486	-0.105	-0.099	0.025	0.152	-0.219	-0.137	0.393
T	-0.034	-0.968	-0.298	-0.114	0.138	-0.007	-0.053	0.084	0.494
V	0.229	-1.031	-0.519	0.280	0.350	-0.068	0.104	-0.074	0.166
W	-0.351	0.467	0.114	-0.085	-0.322	-0.209	0.040	0.014	-0.621
Y	-0.093	0.531	0.081	-0.121	-0.328	-0.366	0.048	0.047	-0.932
Intercept	4.15094
