NumCols:	10
A	0.346	-0.256	-0.502	-0.230	-0.169	-0.005	-0.126	-0.293	0.003	-0.877
C	-0.073	0.302	0.047	-0.072	-0.009	0.032	-0.103	-0.128	-0.018	0.131
D	0.017	0.079	0.294	-0.084	0.114	0.145	0.206	0.014	0.343	0.278
E	-0.614	0.209	0.473	-0.081	0.148	0.114	0.115	0.065	0.019	0.155
F	-0.344	0.097	-0.405	-0.127	-0.285	-0.151	-0.254	-0.133	-0.138	-0.324
G	0.316	0.191	0.350	-0.058	-0.017	0.120	0.044	-0.108	-0.136	-1.318
H	-0.243	0.071	0.162	0.024	0.120	0.070	-0.081	0.039	-0.082	1.082
I	0.222	-0.241	-0.269	0.047	-0.182	-0.253	-0.049	-0.207	0.229	-1.067
K	0.666	0.147	0.257	0.192	0.272	0.155	0.164	0.393	0.226	0.469
L	0.081	0.136	0.354	0.218	-0.030	0.058	-0.069	0.153	-0.072	-0.833
M	-0.623	-0.024	-0.354	0.076	-0.116	0.041	-0.150	-0.161	0.030	-0.448
N	-0.240	0.153	0.102	-0.028	0.060	0.012	0.019	0.095	-0.017	0.958
P	0.940	0.479	-0.076	0.135	-0.026	0.031	0.345	0.144	-0.184	1.525
Q	0.194	0.299	0.466	0.094	0.272	0.046	0.082	0.100	-0.087	0.334
R	0.161	0.214	0.333	0.092	0.269	0.124	0.027	0.336	-0.029	0.765
S	-0.161	-0.693	-0.250	-0.111	-0.009	-0.063	-0.070	-0.014	-0.053	-0.520
T	-0.323	-0.921	-0.098	-0.052	0.005	-0.170	-0.081	0.013	-0.037	-0.447
V	0.387	-0.572	-0.343	0.085	-0.142	-0.225	-0.019	0.014	0.214	-1.396
W	-0.366	0.230	-0.104	-0.017	-0.125	0.030	0.004	-0.161	0.106	1.037
Y	-0.344	0.101	-0.438	-0.102	-0.148	-0.112	-0.005	-0.161	-0.316	0.498
Intercept	4.53515
