NumCols:	9
A	0.488	-0.184	0.148	0.052	0.168	0.205	-0.178	-0.059	0.179
C	-0.110	0.273	-0.116	-0.004	-0.176	-0.121	-0.142	0.078	0.291
D	-0.656	0.029	0.362	-0.006	0.354	0.174	0.321	0.335	0.215
E	-0.574	0.459	0.333	-0.005	0.269	0.171	0.216	0.199	0.206
F	-0.256	-0.570	-0.335	-0.094	-0.181	-0.270	-0.414	-0.400	0.027
G	0.415	0.625	0.244	0.020	0.065	0.186	0.135	0.086	0.194
H	-0.200	0.594	0.138	0.020	-0.084	-0.137	-0.107	-0.053	-0.009
I	-0.071	-0.060	-0.041	-0.004	-0.186	-0.150	-0.052	0.168	0.203
K	0.650	0.257	-0.229	0.050	0.028	-0.018	0.394	0.143	-0.596
L	0.111	-0.096	-0.130	-0.051	-0.059	-0.053	0.176	-0.257	0.106
M	-0.514	-0.476	-0.234	-0.077	-0.034	-0.146	-0.197	0.134	-0.034
N	-0.202	-0.160	-0.016	0.023	0.245	0.057	0.085	-0.049	0.254
P	0.567	0.211	0.496	0.067	-0.032	0.172	0.339	-0.205	0.098
Q	0.111	0.398	0.114	0.053	0.135	0.119	0.319	0.037	0.012
R	0.442	0.431	-0.133	0.038	-0.181	-0.242	0.109	0.144	-1.847
S	0.194	0.016	0.099	0.024	0.225	0.187	-0.069	0.008	0.128
T	-0.133	-0.350	-0.060	0.053	0.128	0.141	0.019	0.065	0.295
V	0.141	-0.145	0.185	-0.010	-0.221	0.094	-0.032	0.083	0.132
W	-0.232	-0.748	-0.477	-0.090	-0.290	-0.255	-0.659	-0.082	0.164
Y	-0.171	-0.501	-0.349	-0.057	-0.175	-0.115	-0.263	-0.374	-0.018
Intercept	4.4772
