NumCols:	9
A	-0.098	0.444	-0.096	0.044	-0.228	0.011	-0.001	0.309	-1.108
C	-0.097	0.402	0.108	-0.174	0.012	0.021	-0.306	-0.102	0.065
D	0.361	0.966	-0.235	-0.335	-0.069	-0.046	-0.103	0.024	0.249
E	0.550	0.573	0.533	-0.442	0.041	-0.072	0.190	-0.154	0.238
F	-0.745	-0.342	-0.634	0.082	0.226	0.047	-0.410	-0.173	0.368
G	-0.307	-0.053	-0.130	-0.084	-0.161	-0.011	0.463	-0.080	0.027
H	0.259	1.016	0.461	0.072	0.269	0.037	-0.121	-0.100	1.209
I	-0.002	-1.051	-0.180	0.176	0.007	-0.358	-0.202	0.407	-1.112
K	-0.208	0.658	1.034	0.184	0.149	0.181	0.749	0.241	1.246
L	0.072	-2.011	-0.611	0.218	0.021	-0.180	0.254	0.082	-1.182
M	-0.140	-2.065	-0.085	0.083	-0.054	-0.004	0.125	-0.057	-0.551
N	0.079	0.358	-0.203	-0.193	0.037	0.147	0.215	-0.121	0.327
P	0.517	1.047	-0.185	-0.123	0.171	0.119	-0.519	-0.028	-0.316
Q	0.613	-0.893	0.045	0.010	0.140	0.092	0.096	-0.215	0.182
R	0.078	0.895	1.008	0.247	0.437	0.488	0.638	0.271	1.659
S	-0.150	0.115	0.114	-0.096	-0.137	-0.068	0.075	0.103	-0.038
T	0.259	-0.477	0.262	0.134	-0.140	-0.030	-0.023	0.040	-0.816
V	-0.030	-0.686	-0.012	0.201	-0.304	-0.274	-0.074	0.138	-1.930
W	-0.298	0.435	-0.723	-0.120	-0.274	-0.111	-0.591	-0.171	0.342
Y	-0.713	0.666	-0.470	0.115	-0.144	0.011	-0.453	-0.417	1.142
Intercept	5.30329
