NumCols:	11
A	-0.126	0.233	0.307	-0.030	-0.016	0.106	0.062	-0.008	0.016	-0.025	0.085
C	-0.030	0.149	0.152	0.021	-0.001	0.013	0.022	0.001	0.004	0.002	-0.073
D	-0.307	-0.497	0.059	0.037	0.005	-0.070	-0.159	-0.001	0.008	-0.011	-0.053
E	-0.408	-0.901	-0.028	-0.021	0.006	-0.013	-0.101	0.002	0.006	0.000	-0.036
F	0.613	0.129	0.233	0.036	-0.003	0.018	-0.063	0.000	0.003	0.014	-0.067
G	-0.017	0.088	0.093	0.043	-0.001	0.129	0.109	0.002	0.007	-0.002	0.000
H	-0.234	-0.020	-0.058	0.009	0.001	0.096	0.049	0.004	-0.014	0.009	0.006
I	0.777	0.259	0.115	-0.023	-0.005	-0.045	-0.163	-0.003	0.010	0.025	0.053
K	-0.153	0.036	0.140	-0.059	-0.003	0.317	0.044	0.001	-0.020	-0.006	0.215
L	0.349	0.083	-0.204	-0.073	0.002	-0.129	-0.112	-0.005	-0.003	0.010	0.059
M	0.252	-0.007	-0.787	-0.024	-0.005	-0.100	-0.076	0.001	-0.006	0.013	-0.001
N	-0.324	-0.075	-0.390	0.032	0.007	-0.104	0.021	0.004	-0.010	-0.017	-0.057
P	-0.356	-0.065	0.377	0.003	0.005	-0.002	0.092	0.002	0.015	0.001	0.038
Q	-0.708	-0.316	-0.538	-0.015	0.011	-0.229	0.058	0.004	-0.006	0.001	-0.011
R	0.648	-0.217	0.235	-0.049	-0.004	0.343	0.092	0.002	-0.017	-0.000	0.164
S	-0.139	0.204	-0.163	0.034	-0.006	-0.084	0.101	0.003	-0.007	-0.015	0.024
T	-0.301	0.256	-0.024	0.024	-0.001	-0.084	0.051	-0.001	0.005	-0.016	-0.013
V	0.065	0.358	0.248	-0.013	0.000	-0.103	0.001	-0.011	0.015	-0.007	0.054
W	0.081	0.132	-0.060	0.051	0.005	-0.132	-0.014	0.003	-0.004	0.014	-0.229
Y	0.319	0.173	0.293	0.017	0.001	0.073	-0.015	0.001	-0.001	0.011	-0.157
Intercept	4.27628
