NumCols:	9
A	-0.018	-0.884	-0.102	0.136	0.086	-0.011	-0.192	-0.620	0.436
C	0.004	0.086	0.258	-0.140	0.004	0.054	0.115	-0.000	-0.049
D	0.613	0.340	0.486	-0.381	0.129	-0.025	0.093	-0.032	0.264
E	0.423	0.268	0.524	-0.170	0.131	0.108	-0.015	-0.532	0.270
F	-0.871	-0.055	-0.548	0.090	0.075	0.006	0.128	0.319	-1.045
G	-0.055	-0.149	0.203	0.011	-0.122	-0.014	-0.130	0.069	0.243
H	0.030	0.371	-0.009	0.118	-0.041	0.259	0.068	0.424	-0.273
I	-0.283	-0.399	-0.281	0.027	-0.087	-0.184	0.091	0.076	-0.237
K	-0.117	0.380	-0.208	0.025	0.194	0.340	0.225	0.590	0.581
L	-0.036	-0.112	-0.050	0.213	-0.125	-0.203	-0.195	0.360	-0.283
M	-0.257	-0.774	-0.570	0.096	-0.014	-0.371	-0.004	0.424	-0.875
N	0.253	0.282	0.073	-0.136	-0.155	0.051	-0.087	0.231	0.045
P	0.667	0.660	0.463	-0.152	0.085	-0.082	0.103	-0.707	0.890
Q	0.338	-0.016	0.283	-0.042	0.038	0.043	-0.034	-0.112	0.456
R	0.046	0.591	-0.249	0.033	0.160	0.359	0.121	0.364	0.562
S	0.120	-0.579	0.007	0.100	-0.128	0.009	-0.280	-0.348	0.388
T	0.192	-0.455	0.139	0.130	0.062	-0.205	-0.200	-0.230	0.307
V	-0.121	-0.188	-0.115	-0.095	-0.181	-0.195	-0.222	-0.518	-0.216
W	-0.167	0.264	-0.035	0.005	-0.029	-0.104	0.252	0.208	-0.599
Y	-0.761	0.368	-0.268	0.131	-0.083	0.165	0.163	0.034	-0.864
Intercept	5.83693
