NumCols:	8
A	0.234	-0.054	0.036	-0.002	-0.173	-0.230	-0.132	0.187
C	0.011	0.048	-0.024	-0.007	-0.042	0.132	-0.021	0.068
D	0.282	-0.000	0.045	0.002	0.046	0.120	-0.077	-0.049
E	0.260	-0.140	0.057	0.034	-0.009	0.188	0.037	-0.025
F	-0.762	0.146	-0.120	-0.017	-0.414	-0.307	-0.107	0.217
G	0.216	0.050	-0.178	-0.030	0.066	0.902	0.100	-0.012
H	-0.198	0.071	0.113	0.047	0.256	0.378	0.084	0.007
I	-0.223	-0.130	-0.174	-0.038	-0.481	-0.326	0.104	0.203
K	-0.012	0.176	0.161	0.033	0.357	0.400	0.363	0.126
L	-0.774	-0.236	-0.063	-0.001	-0.243	-0.279	-0.104	-0.009
M	-0.557	-0.246	-0.099	0.001	-0.132	-0.102	0.082	0.039
N	-0.102	-0.150	0.012	0.029	0.178	-0.058	-0.068	-0.146
P	0.820	0.220	-0.138	-0.078	0.214	0.135	-0.329	-0.206
Q	0.352	-0.175	0.045	0.007	0.165	0.225	0.116	-0.146
R	0.463	0.357	0.209	0.042	0.483	0.733	0.362	0.147
S	0.158	-0.076	0.104	0.030	0.143	-0.001	-0.159	-0.288
T	0.201	-0.046	0.081	0.005	-0.029	-0.333	-0.166	-0.133
V	-0.101	-0.123	-0.057	-0.051	-0.335	-0.120	-0.110	-0.111
W	-0.128	0.073	-0.052	-0.029	-0.074	-1.018	-0.008	-0.009
Y	-0.142	0.237	0.044	0.023	0.025	-0.440	0.035	0.139
Intercept	4.38399
