NumCols:	9
A	0.127	0.279	0.110	0.021	0.074	0.287	0.122	-0.073	0.320
C	-0.050	-0.003	-0.031	-0.004	-0.027	0.027	0.018	-0.008	0.072
D	-0.023	0.197	-0.035	-0.178	-0.027	-0.064	-0.040	-0.037	0.044
E	0.012	0.240	-0.001	-0.187	-0.015	-0.032	-0.016	-0.011	-0.010
F	-0.175	-0.412	-0.078	0.231	-0.086	0.244	-0.095	0.096	-0.290
G	-0.030	-0.000	-0.004	-0.094	0.029	0.108	0.026	-0.022	0.045
H	-0.122	-0.369	-0.151	0.096	-0.098	-0.058	0.137	-0.027	-0.191
I	0.087	0.114	0.189	-0.036	0.134	-0.022	0.117	0.071	0.320
K	-0.007	-0.516	0.013	0.306	0.053	-0.030	-0.204	-0.044	-0.060
L	0.135	0.061	0.072	0.039	0.095	0.019	0.101	0.167	-0.277
M	0.133	0.011	0.012	-0.006	0.044	-0.020	0.210	0.103	-0.415
N	-0.074	0.121	-0.083	-0.114	-0.007	-0.033	0.096	0.047	-0.137
P	0.042	0.625	-0.016	-0.549	-0.067	-0.039	-0.611	-0.009	0.273
Q	0.084	0.489	0.007	-0.147	0.009	-0.167	-0.085	-0.030	-0.091
R	-0.028	-0.773	-0.039	0.003	-0.126	-0.108	-0.520	-0.090	-0.115
S	0.003	0.280	-0.018	-0.185	0.087	0.046	0.116	-0.031	0.077
T	0.033	0.347	0.020	0.164	0.086	-0.018	0.292	-0.126	0.189
V	0.091	0.201	0.120	0.078	0.110	-0.084	0.178	-0.012	0.271
W	-0.099	-0.173	-0.080	0.260	-0.077	-0.044	0.088	0.024	0.058
Y	-0.139	-0.719	-0.008	0.301	-0.191	-0.011	0.071	0.011	-0.081
Intercept	2.88663
