NumCols:	10
A	0.246	0.191	0.257	-0.319	-0.073	0.108	0.096	0.291	-0.107	0.051
C	-0.005	0.297	0.032	-0.060	-0.406	0.005	-0.098	0.021	-0.034	0.078
D	0.284	0.139	0.186	0.169	0.275	0.260	-0.061	0.140	0.281	0.426
E	0.186	0.026	0.242	-0.240	0.214	0.268	0.021	0.432	0.158	0.307
F	-0.256	0.318	-0.245	0.303	-0.042	-0.192	-0.231	-0.506	-0.186	-0.514
G	-0.021	0.311	0.188	0.143	0.253	-0.018	0.038	-0.201	-0.101	0.285
H	-0.158	-0.052	-0.195	-0.215	0.142	-0.016	0.041	0.103	-0.139	-0.169
I	-0.162	0.150	-0.325	-0.222	0.164	-0.329	-0.211	-0.213	-0.050	-0.479
K	-0.265	-0.534	-0.183	0.496	0.071	0.086	0.122	0.269	-0.086	-0.212
L	0.023	0.175	-0.150	-0.126	-0.166	-0.072	-0.080	-0.332	-0.071	-0.465
M	-0.113	-0.049	-0.274	-0.124	0.057	-0.039	-0.037	-0.150	-0.033	-0.328
N	0.140	0.190	0.026	0.089	-0.095	0.031	0.067	0.156	0.127	0.289
P	0.424	0.509	0.536	0.494	0.150	0.168	-0.175	-0.239	0.125	0.669
Q	0.142	-0.259	0.231	-0.399	0.022	0.170	0.068	-0.225	0.134	0.248
R	-0.697	-1.932	-0.241	-0.059	-0.157	0.035	0.215	0.181	-0.148	-0.378
S	0.136	0.008	0.162	0.029	0.054	0.048	0.157	0.049	0.075	0.262
T	0.312	0.236	0.179	0.044	0.124	-0.041	0.090	-0.009	0.083	0.229
V	0.128	0.119	0.053	0.095	0.057	-0.173	0.099	0.508	0.062	-0.056
W	-0.172	-0.048	-0.219	-0.062	-0.301	-0.211	-0.127	-0.395	0.037	-0.028
Y	-0.174	0.203	-0.259	-0.038	-0.344	-0.086	0.007	0.121	-0.127	-0.216
Intercept	4.5218
