NumCols:	9
A	-0.189	-0.114	-0.199	-0.178	0.082	-0.049	-0.059	-0.012	0.215
C	-0.106	0.385	0.071	0.057	-0.074	0.060	0.115	0.129	0.221
D	0.774	0.365	0.361	0.163	0.302	0.482	0.489	0.354	0.405
E	0.590	0.130	0.467	0.163	0.352	0.247	0.408	0.259	0.558
F	0.079	0.116	-0.570	-0.167	-0.103	-0.162	-0.191	-0.324	0.022
G	-0.017	0.207	0.187	-0.032	0.044	0.009	-0.041	0.026	0.296
H	-0.279	0.521	-0.078	-0.150	-0.221	0.020	-0.002	0.061	-0.705
I	-0.239	-0.713	0.111	0.167	-0.016	-0.105	-0.242	0.136	0.223
K	-0.549	0.951	0.148	-0.033	-0.017	0.041	0.265	-0.007	-1.917
L	-0.079	-0.967	-0.108	0.096	0.044	-0.041	-0.341	-0.239	0.115
M	-0.449	-0.996	-0.329	0.072	-0.015	-0.131	-0.474	-0.056	0.164
N	0.377	0.245	-0.166	-0.036	0.107	0.124	0.159	-0.049	0.406
P	0.573	0.254	0.467	-0.024	-0.106	-0.070	-0.002	0.067	0.343
Q	0.080	-0.182	0.292	0.126	0.051	-0.066	0.088	-0.011	0.647
R	-0.541	0.943	-0.068	-0.076	-0.179	-0.004	0.107	-0.049	-0.964
S	-0.093	-0.402	-0.058	-0.081	-0.115	-0.087	-0.232	-0.001	0.407
T	-0.122	-0.550	0.205	-0.061	0.071	-0.117	-0.112	0.100	0.398
V	-0.167	-0.687	0.236	0.084	-0.059	-0.095	-0.048	-0.021	0.179
W	0.249	0.251	-0.142	-0.079	-0.107	-0.059	0.069	-0.049	-0.006
Y	0.107	0.244	-0.825	-0.009	-0.040	0.003	0.043	-0.314	-1.006
Intercept	5.19736
