NumCols:	9
A	-0.036	0.123	0.120	-0.123	-0.074	-0.096	0.011	-0.137	-0.847
C	-0.120	0.508	-0.308	-0.335	0.041	0.130	-0.251	-0.044	-0.097
D	0.737	1.206	-0.098	-0.409	0.070	0.349	0.080	0.431	0.419
E	0.678	0.747	0.388	-0.564	0.088	0.183	0.022	-0.003	0.555
F	-0.698	-0.352	-0.452	-0.086	0.024	0.029	-0.312	-0.008	0.195
G	-0.020	0.050	-0.084	-0.154	-0.007	0.066	0.239	-0.185	-0.180
H	0.239	1.169	0.014	0.192	0.114	-0.225	-0.169	-0.171	1.363
I	-0.427	-1.317	0.021	0.006	-0.145	-0.431	-0.166	0.729	-1.284
K	-0.293	0.831	0.740	0.236	0.159	0.167	0.422	0.203	0.921
L	-0.103	-1.886	-0.316	0.270	0.057	-0.341	0.229	0.241	-1.161
M	-0.416	-2.091	-0.269	0.032	0.109	-0.031	0.013	-0.144	-0.927
N	0.147	0.521	-0.122	0.055	-0.087	0.169	0.231	0.017	-0.352
P	0.699	0.938	0.004	0.046	-0.196	0.001	0.059	-0.123	0.360
Q	0.596	-0.817	-0.100	0.240	0.137	0.183	0.132	-0.165	0.467
R	-0.198	1.010	0.885	0.310	0.322	0.547	0.191	-0.002	1.862
S	0.006	-0.052	0.283	-0.011	0.056	-0.005	0.149	0.050	-0.292
T	0.363	-0.654	0.480	0.277	-0.018	0.017	0.140	-0.141	-0.485
V	-0.251	-0.909	0.007	0.329	-0.171	-0.449	-0.072	0.041	-1.760
W	-0.325	0.523	-0.650	-0.264	-0.366	-0.099	-0.481	-0.185	0.469
Y	-0.578	0.452	-0.541	-0.046	-0.115	-0.166	-0.468	-0.404	0.773
Intercept	4.72423
