NumCols:	10
A	0.159	0.312	0.067	-0.012	-0.155	0.041	0.025	-0.094	0.150	0.709
C	0.234	0.100	-0.073	-0.009	0.044	-0.016	0.015	-0.177	0.072	-0.291
D	0.288	0.156	0.188	-0.016	0.016	0.023	0.018	0.293	0.251	-0.126
E	0.320	0.242	0.223	-0.004	0.057	0.017	0.037	0.287	0.140	-0.273
F	-0.295	-0.708	-0.586	0.004	-0.111	-0.058	-0.089	-0.307	-0.242	-1.649
G	0.216	0.051	0.041	-0.020	0.070	-0.010	-0.003	0.197	0.234	0.053
H	0.170	0.246	0.191	0.017	0.010	0.025	0.059	0.050	-0.008	0.131
I	-0.078	0.358	-0.385	0.008	0.034	-0.058	-0.090	0.034	-0.171	-0.434
K	-0.002	0.217	0.226	0.032	0.124	0.059	0.072	0.615	0.180	0.806
L	-0.037	0.080	-0.233	0.013	-0.022	-0.006	-0.046	-0.331	-0.347	-0.489
M	-0.169	-0.179	-0.379	-0.011	-0.072	-0.022	-0.006	-0.241	-0.153	0.061
N	0.049	0.390	0.310	-0.002	0.062	-0.019	0.087	0.232	-0.187	-0.110
P	0.069	0.546	-0.022	0.005	-0.007	0.058	-0.039	-0.280	0.355	0.150
Q	0.049	0.170	0.301	0.002	0.148	0.012	0.082	0.061	0.112	0.038
R	-0.316	-0.020	0.215	0.027	0.001	0.104	0.100	0.390	0.395	0.799
S	0.102	0.196	0.212	-0.026	-0.012	0.003	0.070	-0.067	-0.022	0.490
T	0.046	0.451	0.269	-0.007	0.030	-0.031	-0.032	0.095	-0.243	0.390
V	-0.204	0.133	0.052	0.016	-0.053	-0.019	-0.095	-0.054	-0.251	0.294
W	-0.188	-1.235	-0.210	-0.010	0.034	-0.057	-0.065	-0.173	-0.039	-0.780
Y	-0.414	-1.507	-0.409	-0.005	-0.199	-0.043	-0.099	-0.530	-0.227	0.231
Intercept	4.47986
