NumCols:	10
A	-0.714	0.433	-0.072	-0.011	0.051	0.044	-0.140	-0.017	0.007	0.427
C	-0.062	-0.136	0.028	-0.037	-0.018	-0.194	-0.042	0.021	-0.004	-0.335
D	0.624	-0.624	0.102	0.028	0.090	0.162	0.078	0.058	0.022	0.051
E	-0.287	-1.428	-0.237	0.025	0.036	0.194	0.238	0.062	0.009	0.044
F	0.390	-0.171	-0.045	-0.058	-0.181	-0.228	-0.214	-0.028	-0.110	-0.897
G	-0.007	0.470	0.391	-0.014	-0.010	-0.073	-0.100	-0.001	-0.018	0.450
H	0.394	-0.252	-0.157	-0.007	0.058	0.129	0.032	-0.044	-0.001	-0.173
I	0.056	0.153	-0.346	-0.013	-0.092	-0.131	0.023	0.013	-0.042	-0.319
K	-0.142	0.207	0.242	0.042	0.105	-0.138	0.035	-0.007	0.033	0.256
L	0.274	-0.135	-0.010	0.035	-0.130	-0.028	0.086	0.013	-0.038	0.033
M	-0.487	-0.184	-0.912	-0.025	-0.065	0.076	0.005	0.003	-0.028	-0.216
N	-0.008	0.066	-0.340	0.002	0.017	0.358	-0.023	0.003	0.018	0.082
P	1.032	0.105	0.466	0.060	0.032	-0.268	0.057	0.060	0.092	0.338
Q	-0.489	-0.168	-0.325	0.029	0.037	0.128	0.176	0.022	0.058	0.306
R	-0.110	0.154	0.193	0.020	0.105	-0.001	0.142	-0.066	0.048	-0.033
S	-0.563	0.370	0.155	-0.011	0.039	-0.021	-0.116	-0.031	0.052	0.628
T	-0.168	0.412	0.462	0.033	0.054	0.204	-0.046	-0.019	0.044	0.604
V	0.091	0.392	0.355	0.037	-0.043	-0.045	0.041	0.006	0.033	0.370
W	0.054	0.197	-0.008	-0.069	-0.043	-0.151	-0.162	0.006	-0.031	-1.065
Y	0.122	0.140	0.056	-0.066	-0.040	-0.018	-0.070	-0.055	-0.144	-0.552
Intercept	4.54079
