NumCols:	11
A	0.062	-0.055	-0.079	0.009	0.045	0.044	0.059	0.052	-0.129	0.033	0.009
C	-0.003	-0.011	-0.022	0.020	-0.004	0.004	0.001	0.019	-0.024	-0.028	0.004
D	0.008	-0.026	0.014	-0.002	0.041	0.014	0.021	0.024	-0.011	0.003	0.004
E	-0.019	-0.015	-0.016	-0.004	0.023	0.015	0.001	0.027	-0.012	-0.008	-0.016
F	-0.052	0.042	-0.072	-0.005	-0.114	-0.027	-0.025	0.013	-0.059	-0.020	-0.013
G	0.018	-0.009	-0.002	0.039	0.013	0.024	0.013	0.017	-0.029	0.016	0.010
H	0.008	0.047	0.033	0.031	-0.007	-0.032	-0.005	-0.050	0.053	0.002	0.054
I	-0.014	0.036	-0.029	-0.053	-0.033	0.029	0.007	0.022	-0.015	-0.007	-0.126
K	0.071	0.036	0.060	0.004	0.001	-0.021	0.006	-0.110	0.059	0.034	0.053
L	-0.063	0.023	-0.024	-0.101	-0.036	-0.011	-0.049	0.015	0.016	-0.048	-0.097
M	-0.048	0.069	-0.013	-0.027	-0.063	-0.016	-0.011	-0.010	0.037	-0.016	-0.047
N	-0.004	0.005	0.021	0.011	0.033	-0.004	-0.002	0.001	0.028	0.002	0.008
P	0.086	-0.280	0.042	-0.096	0.018	0.035	-0.076	0.053	-0.113	-0.009	0.002
Q	-0.031	-0.022	0.004	0.004	0.039	0.011	-0.005	-0.009	0.034	-0.027	-0.003
R	0.078	0.041	0.063	0.037	-0.001	-0.047	0.017	-0.104	0.056	0.044	0.106
S	0.028	0.040	0.010	0.065	0.061	0.028	0.068	0.021	0.029	0.036	0.025
T	0.017	0.014	-0.001	0.034	0.060	0.036	0.046	0.035	0.017	0.017	0.006
V	0.003	-0.012	-0.025	-0.027	0.008	0.029	0.030	0.042	-0.022	0.003	-0.057
W	-0.051	0.028	0.011	0.021	-0.036	-0.027	-0.026	-0.001	0.045	-0.024	0.016
Y	-0.094	0.051	0.025	0.040	-0.048	-0.082	-0.070	-0.058	0.040	-0.004	0.063
Intercept	4.43461
