NumCols:	11
A	-0.386	-0.560	-0.080	0.027	0.010	-0.126	0.021	0.112	0.898	0.562	-0.036
C	0.102	0.583	-0.065	-0.033	-0.023	-0.023	0.001	-0.005	0.079	-0.094	0.142
D	0.168	0.060	0.026	0.065	-0.034	0.048	0.001	0.015	-0.028	-0.031	0.099
E	0.077	0.367	0.073	0.003	-0.031	0.031	0.002	-0.007	0.199	-0.020	0.117
F	0.722	0.074	-0.347	-0.246	-0.028	0.044	0.011	-0.100	-0.556	-0.536	0.291
G	-0.151	-0.107	-0.007	0.122	-0.015	-0.017	0.024	0.059	0.120	0.183	-0.118
H	-0.387	0.423	0.012	-0.056	-0.011	0.038	0.007	0.000	-0.339	0.304	-0.309
I	0.425	-0.435	-0.067	-0.014	0.043	0.022	-0.032	-0.132	-0.034	-0.058	0.347
K	-0.334	0.346	-0.133	0.306	0.037	0.089	-0.015	-0.016	-0.177	-0.218	-1.188
L	0.271	-0.122	0.057	-0.035	0.046	0.039	0.012	-0.066	0.098	0.047	0.301
M	0.123	-0.272	0.068	0.006	0.027	0.055	0.009	-0.052	-0.247	-0.017	0.343
N	-0.063	0.073	0.130	-0.071	-0.006	0.037	0.009	-0.024	0.065	0.269	0.034
P	0.279	-0.056	0.265	-0.181	-0.044	-0.047	-0.016	0.171	0.476	0.130	-0.137
Q	0.001	-0.026	0.376	-0.004	0.008	-0.053	0.010	0.071	0.075	0.295	-0.219
R	-0.316	0.777	-0.040	0.268	-0.001	0.128	-0.002	0.028	-0.059	-0.691	-0.721
S	-0.752	-0.561	0.110	0.087	0.002	-0.111	0.011	0.100	0.080	0.419	-0.053
T	-0.507	-0.628	0.054	-0.012	0.016	-0.183	-0.014	0.069	-0.182	0.553	0.141
V	-0.160	-0.634	-0.097	-0.020	0.059	-0.107	-0.021	-0.068	0.452	0.255	0.463
W	0.364	0.304	-0.076	-0.064	-0.019	0.062	-0.012	-0.073	-0.397	-0.710	0.448
Y	0.523	0.394	-0.258	-0.147	-0.035	0.074	-0.005	-0.081	-0.523	-0.643	0.055
Intercept	4.0985
