NumCols:	8
A	0.284	0.332	-0.335	-0.010	-0.142	0.201	0.029	0.008
C	0.012	0.081	-0.134	-0.002	-0.028	-0.066	0.014	-0.003
D	0.180	0.069	0.077	0.004	0.026	0.135	-0.015	-0.004
E	0.177	-0.082	-0.026	0.003	-0.012	0.085	-0.029	-0.005
F	-0.359	-0.045	-0.307	-0.031	-0.033	-0.302	-0.044	0.005
G	0.097	0.106	-0.540	0.007	0.027	0.198	0.172	-0.004
H	-0.148	0.114	0.220	0.023	0.117	0.056	0.141	0.016
I	-0.279	-0.183	-0.030	-0.045	-0.191	-0.201	-0.069	0.009
K	-0.105	0.022	0.271	0.028	0.087	0.116	0.316	0.053
L	-0.387	-0.931	-0.027	-0.018	-0.102	-0.238	-0.078	-0.003
M	-0.371	-0.553	-0.064	0.002	-0.024	-0.203	0.080	0.008
N	-0.027	-0.186	0.094	0.015	0.098	0.125	0.006	-0.013
P	0.387	0.385	0.094	-0.024	-0.008	-0.059	-0.504	0.002
Q	0.134	0.064	0.190	0.012	0.066	-0.010	0.071	0.008
R	0.156	0.382	0.482	0.039	0.130	0.115	0.342	0.071
S	0.269	0.227	0.110	0.025	0.074	0.245	0.050	-0.039
T	0.239	0.202	0.124	0.006	0.019	0.123	-0.100	-0.030
V	0.001	-0.115	-0.018	-0.034	-0.183	0.041	-0.216	-0.056
W	-0.110	0.020	-0.061	-0.004	0.019	-0.260	-0.076	-0.006
Y	-0.150	0.090	-0.121	0.005	0.059	-0.101	-0.092	-0.018
Intercept	4.26183
