NumCols:	8
A	0.181	0.133	-0.312	0.006	-0.120	-0.059	-0.109	-0.062
C	0.005	0.060	-0.043	0.001	-0.012	-0.011	-0.022	0.213
D	0.112	0.230	0.058	-0.001	0.061	0.026	0.006	0.054
E	0.051	0.057	0.105	-0.001	0.042	0.010	0.013	0.072
F	-0.470	-0.128	-0.093	-0.006	-0.076	-0.064	0.047	0.283
G	0.134	0.056	-0.275	-0.004	0.066	0.008	-0.031	-0.113
H	0.022	0.306	0.094	0.007	0.121	0.069	0.071	0.192
I	-0.441	-0.347	-0.098	-0.011	-0.267	-0.103	0.011	0.128
K	0.028	0.075	-0.063	0.012	0.058	0.015	0.158	0.552
L	-0.366	-0.984	-0.041	-0.011	-0.114	-0.057	0.060	-0.225
M	-0.380	-0.823	-0.105	-0.004	-0.060	-0.026	0.072	0.069
N	-0.011	-0.041	0.087	0.001	0.129	0.067	-0.009	-0.203
P	0.518	0.471	0.174	-0.009	0.029	-0.027	-0.184	0.019
Q	0.211	-0.162	0.230	-0.002	0.109	0.069	0.051	0.267
R	0.296	0.359	0.119	0.012	0.065	0.049	0.133	0.758
S	0.119	0.378	0.014	0.006	0.099	0.070	-0.089	-1.157
T	0.213	0.349	0.082	0.002	0.015	0.039	-0.140	-0.312
V	-0.045	-0.001	0.017	-0.005	-0.189	-0.056	-0.086	-0.691
W	-0.106	0.015	0.110	0.000	0.006	-0.003	-0.015	0.068
Y	-0.070	-0.004	-0.059	0.008	0.040	-0.017	0.064	0.089
Intercept	4.2909
