NumCols:	10
A	-0.451	-0.376	-0.058	-0.053	-0.200	-0.065	0.057	0.149	-0.009	-0.012
C	0.083	0.806	-0.023	-0.056	-0.021	0.098	0.017	-0.000	0.166	0.356
D	0.521	0.212	0.150	0.003	0.097	0.171	0.203	0.351	0.248	0.480
E	0.511	0.116	0.292	0.243	0.281	0.073	0.262	0.087	-0.001	0.571
F	0.086	0.081	-0.195	-0.310	-0.197	-0.240	-0.136	-0.448	-0.378	0.264
G	-0.164	0.060	0.203	-0.021	0.095	0.145	0.085	0.381	0.192	-0.007
H	0.032	0.478	0.238	0.189	-0.022	0.169	-0.062	0.031	-0.060	0.021
I	-0.067	-0.571	-0.416	-0.048	0.099	-0.102	0.007	-0.253	0.150	0.154
K	-0.193	0.518	0.357	0.253	0.184	0.091	0.153	0.424	0.130	-2.185
L	-0.026	-0.348	-0.152	0.058	0.060	-0.068	-0.157	-0.338	-0.107	0.261
M	-0.153	-0.522	-0.552	-0.306	-0.107	-0.034	-0.129	-0.421	0.043	0.082
N	0.141	0.322	-0.090	-0.121	-0.029	0.052	-0.014	0.088	0.008	0.306
P	0.593	0.147	0.119	-0.013	-0.012	-0.078	0.075	-0.057	-0.188	0.592
Q	-0.012	-0.194	0.169	0.060	0.067	0.167	0.171	0.284	0.154	0.440
R	-0.252	0.900	0.502	0.199	0.008	0.105	0.042	0.405	0.136	-1.268
S	-0.547	-0.662	-0.268	-0.111	-0.001	-0.128	-0.098	0.013	-0.005	0.149
T	-0.298	-0.933	0.057	0.057	-0.016	-0.119	-0.042	0.050	-0.105	0.302
V	-0.163	-0.714	-0.016	0.077	0.006	-0.190	0.088	-0.135	0.080	0.379
W	0.303	0.333	0.005	0.001	-0.213	0.042	-0.138	-0.215	0.019	0.228
Y	0.055	0.346	-0.321	-0.102	-0.079	-0.089	-0.383	-0.396	-0.474	-1.112
Intercept	5.01083
