NumCols:	8
A	0.323	0.425	0.040	0.048	0.016	0.097	0.310	0.132
C	0.114	0.011	-0.014	0.003	0.000	0.006	-0.045	-0.143
D	0.105	0.025	-0.129	-0.003	0.008	0.055	0.061	-0.091
E	0.187	0.035	-0.274	0.014	0.008	0.003	0.044	-0.003
F	0.062	-0.465	-0.293	-0.054	-0.020	-0.159	-0.222	-0.340
G	0.147	0.111	-1.124	0.025	-0.000	0.045	-0.099	-0.027
H	-0.321	-0.095	0.106	-0.006	-0.010	-0.048	-0.010	0.065
I	0.284	0.079	0.235	-0.023	-0.003	-0.069	-0.143	-0.176
K	-0.228	0.096	0.057	-0.020	0.001	0.030	-0.071	0.288
L	0.323	-0.037	0.283	-0.030	-0.007	-0.152	-0.220	0.241
M	-0.061	-0.103	-0.020	-0.022	-0.014	-0.079	-0.196	0.113
N	0.023	-0.062	-0.085	0.002	-0.006	0.012	-0.072	-0.018
P	0.311	0.294	-0.148	0.028	0.051	0.127	0.384	-0.003
Q	-0.020	0.107	0.120	0.033	0.002	0.066	0.016	0.123
R	-0.859	0.083	0.173	-0.014	-0.011	0.064	0.079	0.202
S	-0.106	0.174	-0.057	0.048	0.013	0.108	0.081	0.032
T	0.075	0.116	0.238	0.039	0.008	0.074	0.203	-0.003
V	0.276	0.115	0.326	0.006	0.006	-0.006	0.250	0.051
W	-0.213	-0.310	0.356	-0.023	-0.019	-0.050	-0.199	-0.514
Y	-0.422	-0.598	0.210	-0.050	-0.023	-0.122	-0.152	0.070
Intercept	4.43431
