NumCols:	9
A	-0.072	0.085	0.439	0.232	-0.149	-0.019	0.046	-0.105	-0.037
C	0.053	0.028	-0.073	0.083	0.227	-0.012	0.465	0.018	0.772
D	0.512	0.028	0.201	0.137	-0.030	-0.001	0.521	-0.002	0.291
E	0.144	0.001	0.080	-0.139	0.027	0.004	0.120	0.003	0.122
F	-0.401	-0.018	0.110	0.714	-0.415	0.061	-0.681	-0.209	1.198
G	0.150	0.040	0.469	-0.185	0.359	-0.001	-0.207	0.047	0.360
H	0.124	0.102	-0.053	-0.213	0.056	-0.035	0.310	-0.079	0.264
I	-0.135	-0.226	-0.184	0.172	0.313	0.016	0.222	0.195	-0.961
K	0.022	0.052	-0.379	-0.054	0.068	-0.010	0.034	-0.130	-0.335
L	-0.252	-0.096	-0.042	0.072	0.005	0.063	0.069	0.150	-1.213
M	-0.299	-0.007	-0.056	-0.306	0.206	-0.033	-0.040	0.344	-1.779
N	0.044	0.027	-0.205	0.159	0.048	0.008	0.145	0.054	0.083
P	0.340	-0.031	-1.202	-0.437	-0.536	0.023	-0.317	-0.384	0.310
Q	-0.093	0.004	-0.118	-0.471	0.165	-0.028	-0.071	0.149	-0.485
R	0.151	0.125	-0.030	-0.253	0.325	-0.025	-0.210	-0.148	0.054
S	-0.312	0.064	0.487	-0.347	0.035	-0.061	0.207	-0.079	0.152
T	0.197	0.014	0.661	0.113	-0.242	-0.036	0.162	0.025	-0.258
V	0.096	-0.250	0.156	0.274	0.195	0.061	-0.099	0.193	-0.718
W	-0.026	-0.015	-0.042	0.177	-0.169	0.004	-0.282	0.070	1.373
Y	-0.242	0.075	-0.219	0.273	-0.491	0.020	-0.395	-0.112	0.806
Intercept	3.43858
