NumCols:	10
A	0.264	-0.327	-0.007	0.042	0.123	0.108	0.079	-0.056	0.207	0.587
C	-0.444	0.032	-0.005	-0.053	0.004	0.083	-0.061	-0.086	-0.009	-0.484
D	0.329	0.130	0.020	-0.035	-0.104	0.031	-0.087	0.018	0.101	0.471
E	0.109	0.430	-0.035	-0.039	0.001	0.047	-0.057	-0.063	-0.004	0.356
F	-0.991	0.024	-0.055	-0.056	-0.219	-0.065	-0.040	0.033	-0.080	-0.861
G	0.102	0.002	0.013	-0.043	0.084	0.035	-0.011	0.170	0.067	0.078
H	-0.304	0.052	0.088	0.045	0.012	0.046	0.071	0.065	-0.020	-0.112
I	-0.163	-0.168	-0.174	-0.015	-0.164	-0.103	0.043	-0.046	-0.101	-0.424
K	0.557	0.370	0.187	0.116	0.198	0.122	0.217	0.292	0.201	0.227
L	-0.322	0.058	-0.087	0.000	-0.093	-0.130	-0.024	-0.183	-0.177	-0.135
M	-0.463	-0.245	-0.161	-0.023	-0.153	-0.062	-0.023	-0.148	-0.092	-0.246
N	0.117	0.254	0.066	-0.010	0.047	0.022	-0.030	0.070	-0.148	0.043
P	1.036	-1.203	0.053	0.015	0.139	-0.102	0.052	0.160	0.030	0.923
Q	0.481	0.294	-0.002	0.004	0.139	-0.032	-0.016	0.002	-0.087	0.124
R	0.223	0.206	0.133	0.120	0.255	0.140	0.211	0.110	0.231	0.380
S	0.256	-0.021	0.098	0.010	0.076	0.054	0.001	0.081	0.069	0.266
T	0.208	0.134	0.052	0.005	0.002	-0.059	-0.074	-0.077	0.023	0.282
V	0.044	-0.430	-0.111	0.004	-0.020	-0.060	-0.008	-0.041	-0.018	0.383
W	-0.200	0.049	-0.049	-0.059	-0.166	-0.002	-0.131	-0.170	-0.102	-1.460
Y	-0.838	0.360	-0.023	-0.028	-0.162	-0.073	-0.116	-0.133	-0.091	-0.399
Intercept	4.5361
