NumCols:	9
A	-0.273	-0.287	0.278	-0.118	-0.156	0.093	0.017	0.073	-0.746
C	0.188	0.263	0.260	-0.122	0.141	0.118	-0.073	0.043	0.283
D	0.566	0.713	0.656	0.179	0.267	0.252	0.302	0.209	0.349
E	0.612	0.858	0.490	0.192	0.150	0.193	0.380	0.039	0.384
F	0.287	-0.334	-0.316	-0.064	-0.109	-0.098	0.022	-0.407	0.251
G	0.063	-0.157	0.316	0.187	0.056	0.013	0.087	0.070	-0.216
H	-0.485	0.256	-0.599	0.011	-0.129	-0.028	-0.083	-0.048	0.249
I	-0.054	-0.231	0.086	-0.021	0.012	0.036	-0.222	-0.051	-0.299
K	-0.921	0.006	-0.830	-0.009	0.045	0.083	0.168	0.200	-1.203
L	-0.073	0.008	-0.087	0.045	0.062	0.082	-0.104	-0.056	-0.189
M	-0.389	-0.198	-0.113	-0.209	-0.065	-0.022	-0.217	0.162	-0.051
N	0.183	0.265	-0.009	-0.034	0.028	-0.032	0.003	0.023	0.392
P	0.557	0.781	0.337	-0.052	0.103	0.081	-0.353	-0.263	0.122
Q	0.237	-0.209	0.084	0.144	-0.061	-0.001	-0.011	0.128	0.561
R	-0.832	0.493	-1.159	-0.130	-0.167	-0.153	-0.065	0.117	-0.090
S	-0.230	-0.534	0.158	0.011	-0.091	-0.119	0.045	-0.047	0.043
T	0.104	-0.734	0.231	0.068	-0.117	-0.086	0.171	0.053	0.044
V	0.041	-0.558	0.185	-0.028	-0.095	0.011	-0.037	-0.013	-0.408
W	0.296	-0.087	0.155	0.050	0.189	-0.186	0.039	0.034	0.599
Y	0.121	-0.317	-0.123	-0.099	-0.063	-0.237	-0.068	-0.265	-0.076
Intercept	4.23841
