NumCols:	9
A	-0.535	-0.008	-0.223	-0.098	0.059	-0.075	-0.118	-0.251	-1.193
C	-0.141	-0.225	-0.084	-0.046	-0.055	-0.158	0.111	-0.149	-0.057
D	0.256	-0.108	0.324	0.080	0.130	0.048	0.236	0.048	0.001
E	-0.203	-1.245	0.070	0.010	0.070	-0.043	0.155	-0.169	-0.065
F	0.232	0.096	-0.065	-0.161	-0.312	-0.169	-0.172	-0.022	0.174
G	-0.089	-0.009	0.049	-0.051	0.119	-0.063	0.079	0.106	-0.049
H	0.150	0.160	-0.122	0.091	-0.059	-0.002	0.131	0.149	0.383
I	0.048	-0.023	0.002	0.007	-0.118	-0.051	-0.119	-0.038	-0.093
K	0.047	0.347	0.098	0.118	0.101	0.284	0.255	0.179	0.324
L	0.088	0.118	-0.091	-0.106	-0.092	0.049	-0.002	0.063	0.140
M	-0.125	0.100	-0.288	-0.100	0.034	0.066	0.050	0.093	0.345
N	0.033	-0.033	-0.099	0.047	0.040	-0.033	0.073	0.060	0.285
P	0.266	0.319	0.566	-0.022	0.160	0.217	-0.004	-0.115	-0.311
Q	-0.175	-0.310	-0.040	-0.069	0.206	0.045	-0.103	0.048	0.131
R	-0.008	0.347	-0.024	0.013	0.298	0.351	0.062	0.156	0.306
S	-0.212	-0.055	0.034	0.100	-0.031	-0.015	0.090	0.040	-0.151
T	-0.048	0.095	0.059	0.137	-0.051	0.032	-0.000	0.028	-0.442
V	0.022	0.184	0.061	-0.032	-0.205	-0.171	-0.198	-0.157	-0.387
W	0.206	0.093	-0.139	0.014	-0.048	-0.162	-0.200	-0.109	0.373
Y	0.188	0.158	-0.088	0.068	-0.244	-0.150	-0.324	0.042	0.286
Intercept	4.53962
