NumCols:	9
A	0.508	0.113	0.057	0.256	0.002	0.024	0.118	-0.133	0.243
C	-0.191	0.036	-0.068	-0.092	-0.130	-0.004	-0.094	0.039	-0.170
D	-0.100	0.242	-0.438	-0.188	-0.200	-0.424	-0.068	0.298	0.550
E	0.017	0.151	-0.065	-0.144	-0.064	-0.129	-0.142	0.017	0.307
F	-0.302	0.567	-0.567	0.158	-0.123	-0.009	-0.584	-0.279	-1.081
G	0.146	0.382	-0.063	0.125	-0.122	0.146	0.214	0.079	0.196
H	-0.535	-1.647	0.105	-0.056	0.092	-0.001	-0.239	0.063	0.544
I	0.228	0.638	0.041	0.023	0.025	-0.186	0.145	-0.205	-1.615
K	0.315	-0.666	0.720	0.071	0.543	0.243	0.534	0.113	0.241
L	0.345	0.132	0.050	0.020	-0.066	0.049	-0.078	-0.552	-1.419
M	-0.163	-0.126	-0.418	-0.030	-0.054	-0.108	0.022	0.012	-0.687
N	-0.031	0.105	-0.097	-0.033	0.080	0.002	-0.121	0.175	0.351
P	0.805	0.225	0.498	-0.211	0.226	0.068	0.122	0.396	0.995
Q	-0.179	-0.506	0.031	0.071	-0.001	-0.004	0.180	0.191	0.711
R	-0.118	-1.087	0.699	0.191	0.593	0.020	0.564	0.490	0.871
S	-0.068	0.067	-0.370	0.024	0.167	0.148	0.107	-0.279	0.841
T	-0.012	0.291	-0.129	0.128	-0.104	0.129	-0.117	-0.251	0.630
V	0.384	0.571	0.277	0.154	-0.125	0.259	-0.039	-0.292	-0.494
W	-0.905	0.306	-0.162	-0.331	-0.200	-0.032	-0.199	0.110	-0.626
Y	-0.144	0.205	-0.101	-0.137	-0.540	-0.191	-0.325	0.009	-0.388
Intercept	5.51229
