NumCols:	11
A	0.078	0.093	-0.016	-0.007	0.008	0.048	0.134	0.023	-0.018	0.006	-0.124
C	0.001	-0.028	0.014	0.030	0.025	-0.049	0.028	0.011	0.016	0.001	-0.004
D	0.019	-0.105	0.026	-0.004	0.054	-0.029	0.079	-0.020	-0.038	-0.024	0.002
E	0.007	-0.195	0.023	0.025	0.000	0.009	0.015	-0.028	-0.017	0.003	-0.042
F	-0.068	-0.021	0.003	-0.044	-0.023	-0.132	-0.076	0.027	0.040	-0.046	-0.099
G	0.005	0.016	0.023	0.060	-0.016	0.022	0.059	0.024	-0.002	-0.036	-0.014
H	-0.015	0.022	0.013	-0.026	-0.017	-0.012	-0.003	-0.057	0.015	0.047	0.102
I	-0.042	0.016	-0.068	-0.033	0.017	0.015	-0.100	0.071	0.022	-0.017	-0.097
K	-0.013	0.092	0.063	-0.100	-0.048	0.051	-0.016	-0.087	-0.022	0.054	0.122
L	-0.099	-0.028	-0.013	-0.063	0.001	0.023	-0.241	0.003	0.014	-0.013	-0.134
M	-0.139	0.019	-0.096	-0.034	-0.012	-0.006	-0.135	0.029	0.023	0.029	-0.024
N	-0.017	-0.034	-0.006	0.038	0.092	-0.015	-0.026	0.005	0.003	0.038	0.033
P	0.115	0.047	0.102	0.035	0.082	0.031	0.120	-0.044	-0.015	-0.077	-0.030
Q	0.022	-0.056	0.036	0.034	-0.060	0.042	0.000	-0.007	-0.048	0.012	0.027
R	0.048	0.110	0.087	-0.153	-0.148	0.023	0.048	-0.106	0.003	0.072	0.194
S	0.065	0.062	-0.051	0.072	0.018	0.017	0.079	0.012	-0.029	-0.031	0.024
T	0.069	0.034	-0.034	0.064	0.020	0.045	0.089	0.036	-0.003	-0.014	-0.021
V	0.021	0.012	-0.030	-0.000	0.016	0.040	-0.048	0.057	-0.027	-0.034	-0.131
W	-0.033	-0.038	-0.024	0.058	0.014	-0.067	-0.015	0.039	0.033	0.011	0.104
Y	-0.024	-0.017	-0.055	0.050	-0.022	-0.056	0.010	0.013	0.049	0.020	0.111
Intercept	4.17244
