NumCols:	10
A	-0.045	-0.355	-0.139	-0.019	-0.051	-0.103	0.070	0.068	-0.333	-0.756
C	0.082	0.688	0.016	-0.068	-0.082	-0.067	-0.149	-0.108	0.199	0.711
D	0.634	0.485	0.181	-0.159	-0.074	-0.046	0.085	0.080	0.382	0.417
E	0.536	0.218	0.308	-0.115	-0.058	-0.035	0.196	0.174	-0.048	0.215
F	-0.694	-0.210	-0.285	0.224	-0.144	-0.262	-0.508	-0.304	-0.006	-0.074
G	0.115	0.443	0.151	-0.161	0.031	0.033	-0.078	0.147	-0.262	-0.803
H	-0.100	0.599	0.256	0.119	0.080	0.176	0.150	0.099	0.166	0.575
I	-0.011	-0.569	-0.345	-0.000	-0.056	-0.047	-0.249	-0.167	0.129	-0.711
K	-0.168	-0.382	0.572	0.301	0.243	0.253	0.411	0.536	0.338	0.687
L	-0.231	-0.515	-0.497	0.032	-0.001	-0.219	-0.391	-0.062	0.022	-0.661
M	-0.386	-0.607	-0.549	0.024	-0.046	-0.060	-0.245	-0.176	0.113	-0.397
N	0.131	0.413	0.243	-0.033	0.064	0.153	-0.039	-0.006	0.058	0.403
P	0.758	0.669	0.050	-0.135	0.023	0.052	0.098	-0.264	-0.504	0.194
Q	0.223	-0.837	0.130	-0.016	0.178	0.145	0.135	0.164	-0.046	0.319
R	-0.094	0.371	0.642	0.169	0.374	0.240	0.360	0.372	0.175	0.401
S	-0.144	-0.384	0.061	-0.025	-0.026	0.086	0.017	0.096	-0.065	-0.347
T	0.095	-0.467	0.067	-0.112	-0.091	-0.048	0.062	0.115	-0.107	-0.259
V	0.139	-0.556	-0.293	-0.003	-0.100	-0.071	-0.053	0.024	0.182	-1.351
W	-0.251	0.637	-0.177	-0.028	-0.177	-0.030	0.042	-0.524	-0.046	0.819
Y	-0.589	0.357	-0.391	0.007	-0.088	-0.151	0.085	-0.265	-0.347	0.617
Intercept	4.43229
