NumCols:	9
A	-0.332	-0.604	-0.307	-0.077	-0.129	0.025	-0.233	-0.654	-0.341
C	0.186	0.467	0.286	0.126	-0.105	0.217	0.164	0.213	0.351
D	0.788	0.371	0.166	0.160	0.273	0.199	0.370	0.111	0.805
E	0.544	0.468	0.256	0.127	0.445	0.317	0.335	-0.076	0.445
F	-0.118	0.243	0.278	0.053	0.172	-0.017	0.046	0.191	-0.779
G	0.214	0.128	0.217	-0.091	-0.120	-0.291	-0.260	0.084	0.754
H	-0.257	0.497	-0.187	-0.090	-0.303	-0.156	-0.073	0.284	0.007
I	-0.161	-0.242	-0.015	0.146	0.218	0.113	-0.003	0.094	-0.736
K	-0.244	0.244	0.072	-0.069	0.061	-0.035	0.132	0.362	0.417
L	-0.105	-0.131	0.030	0.038	0.138	0.119	-0.129	0.063	-1.214
M	-0.332	-0.104	-0.472	-0.051	-0.098	-0.068	-0.124	0.048	-1.109
N	0.105	0.214	0.139	0.037	-0.076	-0.059	-0.154	0.223	0.775
P	0.580	-2.038	0.399	-0.047	-0.135	0.185	0.150	-0.543	0.786
Q	0.294	0.225	-0.062	-0.160	0.002	0.093	-0.006	-0.058	0.172
R	-0.620	0.360	-0.829	-0.081	-0.267	-0.472	-0.299	0.158	0.306
S	-0.286	0.048	-0.001	-0.026	-0.123	-0.085	-0.292	-0.449	0.332
T	0.187	-0.158	0.069	0.094	-0.098	-0.283	-0.136	-0.193	-0.204
V	-0.030	-0.685	0.113	0.079	0.082	0.128	-0.059	-0.299	-0.699
W	-0.114	0.467	-0.071	-0.175	0.058	-0.109	0.376	0.222	-0.245
Y	-0.300	0.228	-0.081	0.006	0.006	0.178	0.196	0.220	0.178
Intercept	5.45316
