NumCols:	9
A	0.465	-0.516	-0.618	-0.078	-0.180	0.104	-0.165	-0.058	-0.764
C	-0.011	0.038	0.259	-0.213	-0.011	0.079	-0.084	0.199	0.291
D	-0.119	0.387	0.526	-0.078	0.143	0.076	0.066	0.367	0.227
E	-0.805	0.536	0.479	-0.097	0.301	0.254	-0.057	-0.048	0.273
F	-0.502	0.044	-0.530	-0.252	-0.230	-0.368	-0.392	-0.297	0.126
G	0.732	-0.075	0.370	-0.071	0.157	0.246	0.016	-0.217	0.211
H	-0.223	0.796	-0.169	-0.061	0.198	0.051	-0.133	-0.066	0.527
I	0.109	-0.508	-0.398	0.121	-0.517	-0.174	-0.060	0.184	-0.909
K	0.653	0.443	0.406	0.201	0.242	0.257	0.550	0.193	0.713
L	0.196	-0.057	0.317	0.166	-0.095	0.032	0.272	-0.118	-0.741
M	-0.750	0.015	-0.553	0.056	0.008	-0.192	-0.154	0.147	-0.204
N	-0.350	0.034	-0.020	0.148	0.065	-0.020	-0.072	0.012	0.331
P	0.951	0.340	0.002	-0.121	-0.177	0.153	0.412	-0.379	-0.394
Q	-0.154	0.341	0.254	0.218	0.193	0.023	0.218	0.076	0.361
R	0.413	0.674	0.356	0.128	0.243	0.041	0.527	0.097	0.510
S	-0.027	-0.572	-0.167	0.069	0.051	-0.074	-0.012	-0.044	-0.164
T	-0.358	-1.076	-0.143	0.055	0.015	-0.272	-0.007	0.140	-0.183
V	0.359	-0.930	-0.220	0.134	-0.377	-0.083	-0.162	0.110	-1.400
W	-0.299	0.128	0.007	-0.080	-0.019	-0.085	-0.326	0.043	0.587
Y	-0.281	-0.041	-0.159	-0.247	-0.010	-0.049	-0.435	-0.344	0.599
Intercept	4.59764
