NumCols:	10
A	0.028	0.357	0.048	-0.450	-0.063	-0.302	-0.062	-0.399	-0.406	-0.334
C	-0.033	0.020	-0.013	-0.002	-0.034	0.006	0.059	-0.008	0.137	0.020
D	0.027	0.066	0.185	0.294	0.090	-0.050	0.141	0.573	0.254	0.064
E	-0.034	-0.098	0.246	0.125	0.214	-0.032	0.107	-0.187	0.229	-0.004
F	-0.057	-0.154	-0.406	0.102	-0.508	-0.053	0.120	-0.217	-0.007	-0.495
G	-0.215	-0.133	0.166	-0.215	-0.182	-0.031	-0.137	-0.073	0.080	-0.072
H	0.061	0.013	-0.353	-0.084	0.015	0.013	-0.282	-0.081	0.431	0.133
I	-0.095	-0.104	0.466	0.242	0.107	0.061	0.318	0.032	-0.473	-0.214
K	-0.060	0.028	-0.298	-0.207	0.202	-0.072	-0.490	-0.048	0.061	0.267
L	-0.038	-0.308	0.163	0.128	-0.180	-0.034	0.015	-0.087	-0.297	0.048
M	-0.122	-0.512	-0.083	0.001	-0.145	0.237	0.014	0.018	-0.187	0.013
N	0.090	-0.161	0.080	0.214	-0.050	0.096	0.085	0.103	0.309	0.171
P	0.058	0.626	0.503	0.121	0.199	-0.011	0.109	0.108	0.401	0.101
Q	-0.006	-0.240	0.209	-0.016	0.116	0.056	0.004	-0.006	0.285	0.300
R	-0.115	0.357	-0.530	-0.249	0.222	-0.079	-0.370	0.013	0.302	0.290
S	0.144	0.100	0.039	-0.321	0.055	0.007	-0.179	-0.090	-0.227	0.089
T	0.254	0.246	0.197	-0.148	0.073	0.031	0.042	0.009	-0.249	0.003
V	0.121	0.069	0.300	0.090	0.018	0.027	0.195	-0.019	-0.687	-0.274
W	0.018	-0.070	-0.238	0.179	-0.002	0.273	0.199	0.250	0.130	0.352
Y	-0.026	-0.102	-0.681	0.195	-0.149	-0.144	0.110	0.110	-0.084	-0.460
Intercept	3.62555
