NumCols:	11
A	-0.199	0.173	-0.371	-0.407	0.293	-0.031	-0.394	0.371	0.315	0.324	-0.527
C	0.016	0.018	-0.050	-0.116	-0.055	0.033	0.003	-0.016	0.003	-0.005	0.069
D	0.127	0.285	0.013	-0.226	0.152	0.010	0.024	-0.164	-0.332	-0.035	0.038
E	-0.034	0.220	0.014	-0.463	-0.081	0.023	0.039	-0.369	-0.049	-0.201	-0.119
F	-0.087	-0.392	-0.480	-0.059	-0.139	0.307	-0.016	-0.004	0.018	-0.169	-0.059
G	-0.025	0.141	0.014	0.082	-0.030	-0.122	0.006	0.126	0.143	0.275	-0.023
H	0.050	-0.143	0.185	0.154	0.066	0.120	0.084	0.133	0.043	0.031	0.357
I	-0.139	-0.104	-0.118	0.037	0.061	0.064	-0.123	-0.368	-0.126	-0.008	-0.521
K	-0.162	-0.171	0.338	0.201	0.226	0.183	-0.037	0.229	0.193	0.142	0.099
L	-0.264	-0.382	-0.114	-0.118	-0.246	0.088	-0.144	-0.288	-0.072	0.035	-0.320
M	-0.225	-0.387	-0.097	0.051	-0.117	-0.003	-0.029	-0.125	-0.131	0.023	-0.013
N	0.275	0.059	-0.064	0.132	-0.150	-0.350	0.185	-0.089	-0.236	0.165	0.225
P	0.428	0.633	-0.089	-0.075	0.136	0.037	0.061	0.309	-0.404	-0.411	-0.163
Q	-0.102	0.294	0.353	0.037	-0.180	-0.236	0.181	-0.053	-0.054	-0.109	0.169
R	0.072	-0.142	0.646	0.368	0.219	0.112	0.056	0.416	0.210	-0.117	0.368
S	0.063	0.296	0.103	0.041	0.131	-0.235	0.069	0.058	0.200	0.134	0.071
T	0.074	0.225	-0.004	-0.008	0.078	-0.182	0.090	0.027	0.245	0.149	-0.032
V	0.076	-0.011	-0.249	0.053	0.048	-0.021	-0.327	-0.185	0.098	0.111	-0.582
W	0.109	-0.275	-0.010	0.172	-0.287	0.064	0.163	-0.104	-0.077	-0.143	0.556
Y	-0.052	-0.338	-0.021	0.145	-0.127	0.140	0.112	0.097	0.013	-0.192	0.406
Intercept	3.96545
