NumCols:	9
A	0.137	0.188	-0.201	-0.060	0.158	-0.072	-0.009	-0.006	0.275
C	0.038	0.451	-0.054	-0.015	-0.077	-0.137	0.077	0.189	0.081
D	0.305	0.498	0.329	-0.089	0.071	-0.014	0.334	-0.039	0.400
E	0.361	0.510	0.439	0.058	0.139	0.180	0.151	-0.098	0.338
F	-0.361	-0.741	-0.470	-0.292	-0.143	-0.111	-0.396	-0.186	-0.731
G	-0.035	0.426	0.088	-0.087	-0.076	-0.063	0.042	0.083	0.198
H	0.155	0.032	0.008	0.025	-0.009	-0.126	-0.172	0.105	-0.377
I	-0.133	-0.240	-0.288	0.086	-0.148	0.177	0.035	0.193	-0.023
K	0.255	0.605	0.402	0.298	0.207	0.275	0.314	0.038	0.166
L	-0.053	-0.359	-0.096	0.056	-0.086	0.024	-0.464	-0.457	0.070
M	-0.445	-0.869	-0.184	0.120	-0.108	0.016	-0.109	-0.121	-0.518
N	0.069	-0.010	0.029	0.016	0.014	0.086	0.165	0.056	0.099
P	0.383	0.282	0.313	-0.169	0.070	-0.038	-0.009	-0.105	0.880
Q	0.023	0.238	0.164	-0.026	0.037	-0.035	0.123	-0.058	0.372
R	0.155	0.559	0.246	0.152	0.183	0.119	0.303	0.018	0.162
S	-0.033	0.079	0.013	-0.053	0.153	-0.037	0.163	0.157	0.341
T	0.003	-0.294	0.041	0.016	0.035	-0.127	0.046	0.095	0.354
V	-0.003	-0.460	-0.030	0.063	0.023	0.066	0.040	0.169	0.103
W	-0.300	-0.461	-0.401	-0.058	-0.274	-0.121	-0.091	0.264	-0.199
Y	-0.521	-0.435	-0.347	-0.041	-0.168	-0.062	-0.546	-0.299	-1.991
Intercept	4.46097
