NumCols:	9
A	-0.068	-0.916	-0.001	-0.282	-0.022	0.069	-0.066	0.255	0.839
C	0.175	0.042	0.130	0.149	0.019	0.132	-0.009	0.317	-0.318
D	0.545	0.330	0.498	0.143	0.157	0.008	0.237	0.116	-0.001
E	0.513	0.459	0.489	0.030	-0.006	-0.031	0.119	0.049	0.225
F	0.205	0.275	-0.377	0.023	-0.122	0.058	-0.102	0.063	-0.747
G	0.079	-0.241	0.100	-0.097	0.155	0.020	0.135	0.129	0.254
H	-0.253	0.390	-0.009	0.023	0.155	-0.188	-0.139	-0.124	0.164
I	-0.456	-0.070	-0.166	0.002	-0.069	-0.093	0.147	0.044	-0.221
K	-0.598	0.271	0.010	0.000	0.305	0.084	-0.043	-0.141	0.732
L	-0.139	0.040	-0.196	0.042	-0.096	-0.078	0.078	-0.200	-0.105
M	-0.455	-0.122	-0.203	0.072	-0.059	-0.212	0.021	-0.069	-0.361
N	0.338	0.133	0.008	0.051	-0.001	-0.024	-0.014	0.174	-0.122
P	0.419	0.246	0.387	-0.290	0.065	0.006	0.120	0.173	0.509
Q	0.208	0.193	0.144	0.090	-0.145	-0.076	-0.017	-0.172	0.293
R	-0.465	0.420	-0.184	-0.210	0.160	0.098	-0.030	-0.127	0.637
S	-0.001	-1.029	0.041	-0.081	-0.080	0.127	0.201	-0.100	0.374
T	-0.091	-0.976	0.092	-0.062	-0.051	0.089	0.003	-0.179	0.178
V	-0.107	-0.405	-0.156	-0.048	-0.152	-0.001	-0.089	-0.093	0.120
W	0.075	0.330	-0.337	0.236	-0.228	-0.144	-0.357	0.022	-1.963
Y	0.074	0.628	-0.270	0.209	0.016	0.155	-0.195	-0.137	-0.486
Intercept	4.87661
