NumCols:	11
A	-0.243	0.029	0.187	0.372	-0.018	-0.110	0.424	0.008	0.001	0.015	-0.038
C	-0.043	0.238	0.024	-0.063	0.023	-0.009	-0.024	-0.003	0.000	-0.000	0.082
D	0.092	0.196	0.148	-0.013	0.015	0.090	0.165	0.001	-0.002	-0.000	0.055
E	0.150	0.126	0.163	0.164	0.017	0.044	0.090	0.001	-0.001	-0.000	0.137
F	0.218	0.136	-0.289	-0.055	0.013	0.030	0.304	-0.009	-0.003	-0.006	0.348
G	0.071	0.019	0.135	0.053	0.004	0.051	0.277	0.003	0.000	0.004	-0.035
H	-0.364	0.092	-0.115	-0.342	-0.050	-0.038	-0.405	0.005	0.003	0.009	-0.200
I	0.319	-0.151	-0.128	0.275	0.088	0.001	0.245	-0.025	-0.002	-0.007	0.281
K	-0.492	0.174	-0.198	0.002	-0.078	0.139	-0.530	0.009	0.006	0.008	-0.680
L	0.222	-0.262	-0.070	0.136	0.031	-0.119	0.168	-0.005	-0.003	-0.009	0.242
M	0.281	-0.389	-0.076	-0.039	0.030	0.023	0.251	-0.008	-0.001	-0.006	0.160
N	0.087	-0.062	0.102	-0.223	-0.018	0.042	-0.032	-0.008	0.001	-0.004	0.004
P	-0.087	0.172	0.373	-0.239	-0.037	-0.074	-0.425	0.017	-0.001	0.011	-0.148
Q	0.103	-0.111	0.349	-0.109	-0.008	-0.100	0.085	0.009	0.001	-0.000	-0.101
R	-0.686	0.434	-0.491	-0.235	-0.116	0.209	-0.229	0.011	0.006	0.018	-0.575
S	0.013	-0.225	0.185	0.165	0.002	-0.013	0.263	0.005	0.003	0.007	-0.115
T	0.022	-0.332	0.204	0.204	0.015	-0.148	-0.051	0.008	-0.001	0.001	0.030
V	0.052	-0.172	-0.032	0.439	0.065	-0.110	-0.163	-0.004	-0.005	-0.008	0.230
W	0.178	0.028	-0.113	-0.330	0.030	0.034	-0.024	-0.008	-0.001	-0.015	0.151
Y	0.108	0.059	-0.356	-0.162	-0.008	0.058	-0.389	-0.007	-0.002	-0.016	0.173
Intercept	4.01267
