NumCols:	8
A	0.057	-0.118	-0.044	0.027	0.092	0.067	0.009	0.159
C	0.086	0.003	0.014	0.034	-0.293	-0.042	0.035	-0.013
D	0.201	-0.081	-0.029	0.041	0.010	-0.017	0.311	-0.008
E	0.142	-0.026	-0.034	0.045	-0.110	0.042	0.325	0.025
F	-0.609	0.131	0.061	0.019	0.009	-0.113	-0.107	-0.097
G	0.191	-0.065	0.031	-0.005	0.012	0.065	-0.095	0.015
H	-0.073	0.072	0.028	0.076	-0.032	-0.066	-0.182	-0.092
I	-0.115	0.146	0.012	-0.026	-0.015	-0.063	0.143	0.097
K	0.037	0.039	0.040	0.102	-0.021	0.026	-0.308	0.049
L	-0.405	0.151	-0.014	-0.010	0.090	-0.051	-0.000	0.135
M	-0.188	0.178	0.007	-0.043	0.074	0.011	-0.279	0.025
N	0.254	-0.001	-0.015	0.023	0.069	-0.096	-0.035	-0.033
P	0.414	-0.595	-0.065	-0.201	0.240	-0.073	0.157	0.119
Q	0.362	-0.077	-0.057	0.026	-0.009	0.199	0.216	0.068
R	0.096	-0.005	0.028	0.143	0.024	0.071	0.067	0.012
S	0.238	0.014	0.000	-0.094	0.043	0.100	0.028	0.061
T	0.136	-0.003	-0.022	-0.069	0.064	0.078	0.197	0.055
V	-0.103	0.037	-0.021	-0.080	0.105	-0.026	-0.131	0.131
W	-0.018	0.076	0.032	-0.025	-0.145	-0.055	-0.076	-0.190
Y	-0.704	0.125	0.047	0.015	-0.207	-0.057	-0.274	-0.518
Intercept	4.80159
