NumCols:	11
A	-0.055	0.292	-0.074	-0.006	0.010	0.048	-0.108	-0.005	-0.001	-0.030	-0.293
C	-0.009	-0.088	0.061	0.001	0.003	-0.062	0.006	-0.000	0.000	0.009	-0.026
D	-0.063	-0.293	0.102	-0.002	0.003	-0.281	0.061	-0.001	-0.002	0.045	-0.012
E	-0.071	-0.659	0.033	-0.001	0.000	0.015	0.049	-0.001	-0.001	0.044	-0.028
F	0.132	-0.159	-0.075	-0.005	0.003	-0.008	-0.039	0.001	0.001	-0.007	0.073
G	-0.041	0.035	0.111	0.004	0.003	0.070	0.026	-0.001	0.001	-0.017	-0.052
H	-0.025	0.032	0.098	0.002	-0.001	0.070	0.057	0.002	0.001	0.007	0.023
I	0.229	0.028	-0.251	-0.004	0.004	0.082	-0.137	-0.001	0.000	0.000	0.135
K	0.005	0.265	0.022	-0.011	-0.000	0.244	-0.020	0.000	0.001	-0.040	0.034
L	0.198	-0.034	-0.318	-0.004	-0.005	0.078	-0.128	0.001	-0.000	-0.061	0.112
M	0.005	-0.014	-0.414	0.002	-0.004	0.004	-0.072	0.001	0.001	-0.003	0.095
N	-0.061	-0.094	0.085	0.005	-0.003	-0.038	0.048	0.001	0.000	-0.039	0.047
P	-0.031	0.121	0.229	-0.013	0.004	0.002	0.077	-0.000	-0.000	0.084	-0.119
Q	-0.147	-0.071	0.056	0.004	-0.012	0.097	0.069	0.000	-0.000	0.012	-0.048
R	-0.125	0.296	0.144	-0.007	-0.005	0.209	0.030	0.001	0.001	-0.002	-0.135
S	-0.172	0.166	0.069	0.010	0.004	-0.065	0.054	-0.001	0.001	-0.032	-0.039
T	-0.013	0.197	0.071	0.007	-0.002	-0.096	0.052	-0.001	-0.001	-0.002	-0.004
V	0.187	0.175	-0.108	-0.000	0.003	0.005	-0.092	-0.001	-0.001	-0.011	0.057
W	0.028	-0.108	0.051	0.009	-0.003	-0.344	0.046	0.002	0.000	0.030	0.123
Y	0.030	-0.086	0.107	0.010	-0.002	-0.030	0.019	0.002	0.001	0.013	0.056
Intercept	4.38364
