NumCols:	10
A	0.045	0.139	0.099	-0.051	-0.023	0.018	-0.188	-0.040	-0.041	0.067
C	0.041	0.035	0.024	0.006	-0.016	0.089	-0.061	0.068	0.065	-0.094
D	0.058	-0.006	0.061	0.030	0.039	0.187	0.112	0.204	0.102	0.053
E	0.196	-0.057	0.034	0.025	0.042	0.203	-0.083	0.030	-0.034	0.084
F	0.178	0.016	-0.100	-0.015	-0.127	-0.210	0.018	-0.075	0.121	-0.409
G	0.112	0.129	0.062	-0.025	0.041	-0.004	0.268	0.181	0.055	0.125
H	-0.198	0.048	0.019	-0.119	-0.026	-0.102	0.399	0.133	0.130	-0.036
I	0.132	-0.095	-0.176	0.063	-0.012	-0.240	-0.301	-0.126	0.023	-0.229
K	-0.334	0.171	0.019	0.003	0.082	-0.050	0.531	0.086	0.276	-0.035
L	-0.029	-0.121	-0.239	0.024	0.002	-0.157	-0.114	0.025	0.049	-0.115
M	-0.189	-0.068	-0.153	0.016	-0.073	-0.192	-0.014	-0.132	-0.016	-0.043
N	-0.008	-0.091	0.026	0.040	-0.017	-0.012	0.222	0.074	0.101	0.054
P	0.103	-0.050	0.094	-0.006	0.184	0.227	-0.170	0.031	-0.340	0.265
Q	0.049	-0.177	0.043	0.041	0.029	0.164	-0.341	-0.062	-0.236	0.277
R	-0.415	0.195	0.103	-0.079	0.063	-0.006	0.657	-0.093	0.115	0.041
S	0.007	-0.020	0.122	0.017	-0.009	0.055	0.232	0.051	-0.265	0.192
T	0.126	-0.009	0.070	0.020	-0.006	0.153	-0.112	-0.047	-0.146	0.143
V	0.091	-0.022	-0.054	-0.007	-0.001	-0.089	-0.387	-0.079	0.029	-0.042
W	0.038	-0.048	-0.009	0.030	-0.060	0.015	-0.686	-0.067	0.018	-0.123
Y	-0.003	0.033	-0.045	-0.014	-0.113	-0.048	0.017	-0.163	-0.008	-0.176
Intercept	4.53995
