NumCols:	9
A	0.479	-0.152	-0.460	-0.081	0.226	0.513	-0.267	-0.407	0.508
C	-0.099	0.230	0.056	0.010	-0.037	0.185	-0.040	0.046	-0.054
D	-0.688	0.078	0.476	-0.220	0.004	0.210	0.047	0.108	0.075
E	-0.913	0.157	0.509	-0.245	0.110	0.142	0.157	0.067	0.081
F	-0.367	0.406	-0.282	-0.023	-0.069	-0.293	0.300	0.312	-0.619
G	0.206	0.229	0.207	-0.198	-0.009	0.313	-0.264	-0.172	0.114
H	-0.305	0.483	0.071	0.055	-0.258	0.040	-0.162	-0.030	-0.044
I	0.443	-0.880	-0.671	0.228	0.037	-0.436	0.231	0.194	-0.161
K	0.760	0.318	-0.311	-0.037	0.172	0.156	0.044	-0.253	0.200
L	0.325	-0.077	0.100	-0.047	-0.025	-0.460	0.107	0.281	-0.172
M	-0.025	0.097	-0.120	0.048	-0.083	-0.659	0.009	0.019	-0.352
N	-0.048	0.237	0.243	-0.033	-0.071	0.083	-0.183	0.045	-0.027
P	0.161	-0.088	-0.027	-0.089	0.180	0.371	-0.097	0.026	0.467
Q	-0.119	0.092	0.488	-0.099	0.049	0.036	-0.051	0.024	0.271
R	0.604	0.651	-0.241	0.193	0.108	0.217	-0.119	0.021	0.161
S	-0.027	-0.288	0.053	0.104	0.089	0.168	-0.278	-0.460	0.396
T	-0.094	-1.023	0.189	0.107	-0.009	0.047	-0.068	-0.238	0.371
V	0.545	-0.946	-0.282	0.143	-0.013	-0.147	0.181	0.007	0.198
W	-0.226	0.125	0.148	0.070	-0.187	-0.175	0.254	0.228	-0.444
Y	-0.611	0.351	-0.146	0.113	-0.214	-0.311	0.198	0.183	-0.971
Intercept	5.45384
