NumCols:	9
A	-0.014	-0.213	-0.028	-0.265	0.026	0.129	0.132	-0.679	-0.087
C	-0.005	-0.009	-0.016	0.021	0.133	-0.003	0.043	0.046	-0.020
D	-0.041	0.173	0.023	0.150	0.211	-0.001	0.138	0.086	0.020
E	-0.033	0.246	0.010	-0.047	0.261	0.074	0.146	0.095	-0.050
F	-0.020	-0.102	-0.064	-0.125	0.209	-0.118	0.189	0.225	-0.071
G	0.015	0.028	-0.007	0.173	0.157	0.023	0.080	0.144	0.013
H	0.050	-0.263	-0.032	0.036	-0.315	-0.125	-0.256	0.141	-0.036
I	-0.046	0.114	0.040	0.045	0.204	0.011	0.080	0.211	0.175
K	0.083	-0.262	0.004	-0.015	-0.523	-0.076	-0.131	0.109	0.068
L	-0.072	0.112	0.035	-0.039	0.056	-0.006	-0.103	0.339	-0.408
M	-0.033	-0.042	-0.011	0.022	0.008	-0.022	-0.165	0.189	-0.399
N	0.002	-0.046	0.042	0.258	-0.030	0.039	-0.124	0.026	-0.072
P	-0.005	0.184	0.055	-0.102	0.139	0.166	0.212	-0.251	0.143
Q	0.006	0.174	0.036	0.053	0.061	0.138	-0.156	-0.123	-0.041
R	0.122	-0.465	-0.057	-0.514	-0.831	-0.133	-0.138	-0.242	0.128
S	0.018	0.037	0.041	0.140	-0.111	0.078	-0.201	-0.600	0.054
T	-0.017	0.152	0.037	0.122	-0.016	0.029	-0.152	-0.322	0.126
V	-0.035	0.133	0.052	0.064	0.088	0.026	0.126	-0.118	0.174
W	0.003	0.081	-0.025	0.147	0.110	-0.098	0.061	0.288	0.156
Y	0.021	-0.034	-0.137	-0.125	0.162	-0.131	0.219	0.435	0.127
Intercept	4.24509
