NumCols:	9
A	-0.120	-0.223	0.149	-0.103	0.174	0.300	-0.141	0.050	0.189
C	0.057	0.420	-0.097	0.017	-0.079	0.064	-0.040	0.164	0.437
D	0.669	0.509	0.602	0.075	0.370	0.284	0.377	0.463	0.445
E	0.655	0.598	0.438	0.160	0.423	0.341	0.205	0.110	0.462
F	0.091	-0.463	-0.383	-0.121	-0.246	-0.360	-0.531	-0.407	0.141
G	-0.054	0.120	0.247	0.138	0.199	0.140	0.241	0.152	0.419
H	-0.283	0.389	-0.120	-0.038	-0.175	-0.212	-0.232	-0.054	-0.510
I	-0.147	-0.185	-0.013	-0.012	-0.231	-0.100	0.002	0.112	0.214
K	-0.670	0.505	-0.239	0.031	-0.074	-0.157	0.334	0.107	-1.093
L	-0.032	-0.252	-0.074	0.131	-0.076	-0.019	0.177	-0.192	-0.015
M	-0.395	-0.643	-0.238	-0.029	-0.015	-0.152	-0.056	0.087	-0.110
N	0.250	-0.003	-0.262	-0.076	0.171	0.093	0.097	-0.010	0.299
P	0.577	0.434	0.438	-0.089	0.128	0.159	0.189	-0.238	0.427
Q	0.125	-0.281	0.001	0.299	0.138	0.063	0.169	-0.074	0.143
R	-0.797	0.686	-0.132	-0.085	-0.217	-0.291	0.173	0.042	-2.134
S	-0.138	-0.357	0.170	-0.056	0.098	0.198	-0.041	0.171	0.095
T	-0.017	-0.485	0.129	-0.010	0.025	0.104	-0.029	0.057	0.315
V	-0.065	-0.382	0.207	-0.066	-0.143	-0.025	-0.114	-0.012	-0.001
W	0.206	0.012	-0.422	-0.125	-0.286	-0.249	-0.286	0.030	0.349
Y	0.090	-0.397	-0.402	-0.043	-0.183	-0.182	-0.495	-0.557	-0.072
Intercept	4.50992
