NumCols:	10
A	0.153	0.078	0.033	-0.013	-0.003	0.057	-0.020	0.021	0.083	0.093
C	-0.022	-0.001	0.002	0.006	0.002	-0.006	0.006	0.001	0.039	0.055
D	0.033	-0.090	0.011	-0.011	0.000	-0.011	0.012	0.022	-0.004	0.071
E	0.021	-0.031	0.004	0.004	0.002	-0.038	0.016	0.029	-0.062	0.014
F	-0.253	0.126	-0.044	0.002	0.010	0.001	0.006	-0.022	0.207	-0.074
G	0.035	0.014	0.031	0.003	0.003	-0.002	-0.017	-0.003	0.021	0.084
H	-0.005	0.039	0.007	0.006	-0.008	-0.004	0.017	0.016	0.218	-0.035
I	-0.048	0.023	-0.068	-0.025	0.010	0.028	-0.007	-0.015	-0.171	0.041
K	0.125	0.006	-0.006	0.014	-0.021	0.039	0.022	0.025	0.262	0.064
L	-0.127	0.141	-0.044	0.005	0.009	-0.016	-0.021	-0.009	-0.345	-0.340
M	-0.088	0.132	-0.028	0.005	0.005	-0.014	-0.005	-0.026	-0.172	-0.152
N	-0.005	-0.005	0.022	0.024	-0.001	-0.029	-0.003	0.008	-0.013	-0.003
P	0.097	-0.556	0.019	-0.008	0.001	0.016	-0.003	-0.019	-0.170	0.063
Q	0.038	-0.095	0.036	0.009	0.004	-0.070	-0.001	0.007	-0.244	-0.064
R	0.080	-0.012	0.013	0.022	-0.017	0.020	0.030	0.026	0.310	-0.176
S	0.143	0.041	0.047	-0.005	-0.010	0.009	0.000	0.018	0.127	0.099
T	0.098	0.049	0.039	-0.024	-0.005	0.016	-0.013	0.018	-0.030	0.086
V	0.027	0.046	-0.019	-0.014	0.003	0.030	-0.033	0.002	-0.191	0.006
W	-0.122	-0.018	-0.016	0.002	0.005	-0.024	0.007	-0.031	0.034	0.066
Y	-0.179	0.113	-0.039	-0.001	0.010	-0.002	0.009	-0.067	0.101	0.101
Intercept	4.67913
