NumCols:	9
A	0.260	0.010	-0.025	-0.002	-0.160	0.085	-0.094	-0.352	0.482
C	-0.101	-0.000	0.011	-0.000	0.054	-0.015	-0.003	0.005	0.282
D	-0.056	0.031	0.059	0.001	0.064	-0.055	0.083	0.107	0.874
E	-0.023	0.029	0.057	0.001	0.109	0.009	0.012	0.037	1.017
F	-0.486	-0.105	-0.028	-0.000	0.113	0.029	0.105	0.075	-1.122
G	0.040	0.062	0.059	-0.001	-0.161	-0.074	-0.159	-0.067	0.298
H	-0.136	-0.034	-0.031	0.000	-0.001	-0.024	-0.083	0.107	-0.416
I	0.123	-0.059	0.021	0.000	0.220	0.081	0.230	-0.021	-0.779
K	0.449	-0.034	-0.013	-0.000	0.180	0.057	-0.009	0.014	-0.605
L	0.092	-0.114	-0.006	0.000	0.140	0.077	0.061	0.040	-1.371
M	-0.188	-0.176	-0.046	-0.000	0.140	0.015	0.010	0.112	-1.169
N	-0.192	0.014	0.002	0.000	-0.066	-0.062	-0.031	0.085	0.209
P	0.236	0.134	0.017	0.002	-0.280	0.027	0.117	-0.208	1.252
Q	0.020	0.106	-0.022	0.001	-0.109	-0.041	-0.178	0.038	0.848
R	0.435	-0.012	-0.028	-0.001	0.043	-0.012	-0.185	0.047	-0.249
S	-0.085	0.062	0.032	-0.001	-0.221	-0.065	-0.219	-0.040	0.634
T	0.013	0.095	0.016	-0.000	-0.156	-0.029	-0.056	-0.068	0.688
V	0.204	0.051	-0.012	-0.001	0.003	0.063	0.191	-0.112	0.041
W	-0.283	-0.011	-0.019	0.001	0.022	-0.066	0.163	0.136	0.114
Y	-0.322	-0.049	-0.043	-0.001	0.067	0.002	0.046	0.067	-1.029
Intercept	3.4263
