NumCols:	10
A	0.326	-0.652	-0.376	0.012	-0.016	-0.018	0.000	0.090	0.019	0.242
C	0.114	0.127	0.041	-0.002	-0.010	-0.012	0.009	0.026	0.002	-0.309
D	0.156	0.135	0.258	0.009	-0.013	0.009	0.009	0.297	-0.003	0.075
E	0.184	0.199	0.123	0.005	-0.011	-0.029	0.007	0.139	-0.009	0.176
F	0.192	0.235	0.022	-0.021	0.013	-0.048	-0.003	-0.515	-0.005	-0.241
G	0.154	-0.041	0.045	0.003	0.026	-0.003	0.004	-0.012	0.006	-0.170
H	-0.328	0.155	0.044	-0.004	-0.005	0.041	0.023	-0.042	0.009	0.139
I	0.109	-0.252	0.053	-0.017	0.003	-0.035	-0.043	-0.154	-0.003	-0.011
K	-0.478	0.089	0.130	0.002	-0.014	0.089	0.007	-0.104	0.016	0.384
L	0.197	-0.077	0.051	-0.011	0.008	-0.035	-0.031	-0.027	-0.015	0.039
M	-0.024	0.116	0.041	-0.010	0.005	-0.017	-0.020	0.031	-0.010	-0.135
N	-0.178	0.249	0.180	0.003	-0.003	0.023	0.004	0.183	-0.008	-0.181
P	0.345	0.479	0.398	0.017	0.010	0.030	-0.007	0.108	0.003	0.110
Q	-0.037	0.410	0.160	0.005	0.011	0.014	-0.001	0.196	-0.010	0.148
R	-0.450	0.302	0.271	0.002	-0.008	0.091	0.022	-0.143	0.018	0.046
S	-0.268	-0.669	-0.560	0.008	-0.005	-0.011	0.013	0.124	0.004	0.246
T	-0.075	-0.827	-0.587	0.012	-0.004	-0.008	0.007	0.197	0.001	0.288
V	0.137	-0.631	-0.275	0.000	-0.003	-0.028	-0.025	0.025	-0.002	0.188
W	-0.043	0.405	-0.082	-0.009	0.010	-0.037	0.011	0.001	-0.009	-0.877
Y	-0.034	0.247	0.062	-0.006	0.004	-0.016	0.015	-0.418	-0.003	-0.156
Intercept	4.36574
