NumCols:	8
A	0.069	0.200	0.056	-0.060	0.147	-0.026	0.039	0.032
C	-0.111	-0.002	0.005	-0.028	0.088	0.008	0.089	0.025
D	0.425	0.526	0.388	0.092	0.249	0.195	0.014	0.465
E	0.257	0.347	0.566	0.074	0.230	0.134	0.035	0.194
F	-0.146	0.113	-0.129	0.486	-0.252	-0.119	0.082	-0.193
G	0.071	0.003	-0.207	-0.090	0.276	0.126	0.017	-0.026
H	-0.298	-0.442	-0.168	0.090	0.010	0.016	-0.052	-0.042
I	-0.126	0.506	-0.037	-0.204	-0.315	-0.321	-0.008	-0.146
K	-0.356	-0.168	0.316	-0.033	-0.056	0.135	-0.103	-0.300
L	-0.055	0.179	-0.260	-0.063	-0.289	-0.197	-0.073	-0.349
M	-0.111	-0.242	-0.299	-0.306	-0.247	-0.201	0.049	-0.133
N	0.184	-0.021	-0.033	0.017	0.032	0.070	-0.015	0.196
P	0.727	0.492	1.022	0.311	0.379	0.107	-0.359	0.321
Q	0.115	-0.108	0.286	-0.022	0.072	0.059	-0.053	-0.043
R	-0.895	-1.316	-0.046	-0.166	0.007	0.007	-0.054	-0.152
S	0.011	-0.068	0.138	-0.237	0.123	0.047	0.009	0.083
T	0.202	0.239	-0.342	-0.010	0.034	0.074	-0.006	0.118
V	0.231	0.293	-0.262	0.216	-0.046	-0.092	-0.014	0.120
W	-0.081	-0.417	-0.532	-0.091	-0.254	-0.108	0.072	-0.061
Y	-0.113	-0.114	-0.460	0.024	-0.188	0.087	0.331	-0.107
Intercept	4.73607
