NumCols:	11
A	0.133	0.071	-0.141	0.114	0.075	-0.241	0.175	-0.032	-0.038	-0.007	0.129
C	0.025	-0.024	-0.018	-0.010	0.002	0.032	0.056	-0.005	-0.007	0.013	-0.077
D	0.073	0.001	0.075	0.095	0.017	0.046	0.179	0.044	0.060	-0.047	-0.018
E	0.074	0.050	0.036	0.102	0.032	0.045	0.109	0.038	0.008	-0.004	-0.057
F	-0.099	-0.188	-0.101	-0.045	-0.149	0.062	-0.041	-0.208	-0.164	0.049	-0.440
G	0.078	-0.004	-0.033	0.047	-0.001	-0.026	0.085	0.035	0.005	0.020	0.006
H	-0.039	-0.035	-0.033	-0.068	-0.026	0.018	-0.253	0.045	0.072	0.005	0.070
I	-0.042	0.027	0.097	-0.003	-0.024	0.057	0.062	-0.199	-0.193	0.094	-0.181
K	-0.074	0.025	0.050	-0.132	-0.050	-0.056	-0.217	-0.081	0.036	0.015	0.244
L	-0.117	0.052	0.054	-0.027	-0.135	0.027	-0.082	-0.098	-0.072	0.032	-0.179
M	-0.126	-0.006	0.044	-0.027	-0.056	0.036	-0.102	-0.089	-0.062	0.060	-0.098
N	-0.002	-0.005	-0.028	0.043	0.031	0.041	-0.023	0.094	0.087	0.017	-0.007
P	0.151	-0.073	0.162	-0.040	0.157	0.129	0.243	0.049	-0.029	-0.176	0.079
Q	0.075	0.068	0.101	0.017	0.049	0.078	0.000	0.158	0.090	-0.043	0.117
R	-0.122	0.002	0.025	-0.183	-0.019	-0.004	-0.268	0.000	0.079	-0.059	0.346
S	0.085	0.084	-0.148	0.111	0.067	-0.191	-0.006	0.104	0.065	-0.018	0.175
T	0.093	0.076	-0.074	0.090	0.075	-0.170	0.089	0.093	0.090	-0.031	0.112
V	-0.019	0.093	-0.015	0.069	0.038	-0.105	0.095	-0.058	-0.093	0.034	-0.027
W	-0.054	-0.083	-0.005	-0.113	-0.022	0.132	-0.014	0.031	0.038	0.018	-0.128
Y	-0.092	-0.131	-0.051	-0.040	-0.063	0.089	-0.089	0.080	0.029	0.026	-0.066
Intercept	4.10391
