NumCols:	8
A	-0.613	0.032	-0.002	0.006	-0.129	-0.029	-0.101	0.031
C	-0.025	-0.123	-0.013	-0.000	0.075	-0.003	-0.203	-0.009
D	0.431	-0.471	0.011	-0.004	0.088	-0.003	-0.026	0.003
E	0.121	-0.690	-0.002	-0.006	0.103	-0.006	-0.047	0.003
F	0.001	0.339	-0.091	-0.003	0.200	-0.033	-0.201	-0.071
G	0.027	-0.033	0.016	0.005	-0.047	0.003	-0.021	0.009
H	0.180	-0.019	0.009	0.001	-0.105	0.016	0.097	-0.013
I	-0.588	0.167	-0.052	-0.002	0.199	-0.027	0.017	-0.010
K	0.010	0.137	0.034	0.005	-0.167	0.023	0.086	0.008
L	-0.102	0.240	-0.066	-0.009	0.091	-0.009	-0.076	0.003
M	0.030	0.094	-0.058	-0.002	0.097	0.007	0.095	-0.005
N	0.304	-0.150	0.007	-0.002	0.062	0.008	0.058	0.001
P	-0.007	-0.017	0.096	0.000	0.030	-0.000	-0.214	0.027
Q	0.171	-0.107	0.049	-0.004	-0.122	0.026	0.051	0.024
R	0.006	0.094	0.048	0.010	-0.315	0.034	0.071	-0.001
S	0.075	-0.074	0.072	0.006	-0.145	0.015	0.163	0.022
T	-0.019	0.067	0.039	0.000	-0.104	0.001	0.134	0.023
V	-0.298	0.166	-0.019	0.002	0.042	-0.024	0.067	0.016
W	0.190	0.071	-0.029	-0.003	0.130	0.008	-0.016	-0.024
Y	0.107	0.276	-0.050	-0.002	0.016	-0.006	0.066	-0.037
Intercept	4.60445
