NumCols:	8
A	-0.083	0.099	0.008	-0.027	-0.108	0.004	0.023	0.048
C	-0.005	0.010	-0.020	-0.076	-0.048	-0.013	-0.009	-0.011
D	0.008	0.006	0.030	0.045	0.004	-0.011	-0.129	0.001
E	-0.005	0.032	-0.024	0.044	-0.009	-0.002	-0.068	0.008
F	-0.001	0.037	-0.131	-0.069	-0.106	-0.048	0.036	-0.050
G	0.007	0.012	-0.000	0.006	-0.123	-0.041	0.027	0.003
H	0.019	-0.081	0.035	0.020	0.026	-0.009	0.064	-0.068
I	-0.040	0.102	-0.119	-0.138	0.016	0.058	-0.000	0.124
K	0.035	-0.006	0.104	0.024	0.026	0.058	0.099	-0.011
L	-0.061	0.077	-0.097	0.007	0.031	0.056	-0.037	0.045
M	-0.037	0.019	-0.070	0.000	0.016	-0.006	0.030	0.022
N	0.007	-0.055	0.033	0.047	0.022	-0.047	-0.034	-0.017
P	-0.009	0.062	0.150	-0.030	0.011	0.048	-0.198	0.055
Q	0.016	-0.007	0.049	0.079	0.036	-0.014	-0.042	0.033
R	0.041	-0.017	0.126	0.031	0.043	0.047	0.120	-0.038
S	0.013	-0.129	-0.004	0.044	0.032	-0.089	0.067	0.029
T	0.016	-0.054	0.014	0.053	0.068	-0.025	0.002	0.035
V	-0.030	0.040	-0.046	-0.002	0.049	0.059	-0.018	0.082
W	0.056	-0.055	-0.023	-0.051	0.020	-0.016	-0.004	-0.044
Y	0.053	-0.094	-0.014	-0.007	-0.007	-0.009	0.071	-0.245
Intercept	4.54295
