NumCols:	10
A	-0.667	0.093	-0.121	-0.153	-0.016	-0.078	-0.015	0.008	-0.058	-0.938
C	-0.353	-0.177	-0.025	0.035	-0.081	-0.084	-0.023	-0.005	0.028	-0.120
D	0.589	-0.491	0.125	0.061	0.139	0.109	0.035	0.014	0.059	-0.035
E	-0.339	-0.952	-0.200	0.026	0.064	0.028	0.012	0.014	-0.036	-0.066
F	0.098	-0.164	-0.085	0.043	-0.310	-0.125	-0.108	-0.042	0.016	0.039
G	0.224	0.055	0.119	0.026	-0.051	-0.015	0.047	0.003	0.035	-0.100
H	0.228	0.104	0.005	-0.005	0.074	0.068	-0.008	-0.007	0.087	0.313
I	-0.113	0.067	-0.208	0.069	-0.082	-0.088	0.001	-0.013	-0.028	-0.076
K	0.165	0.242	0.344	-0.087	0.243	-0.102	0.057	0.028	0.107	0.286
L	0.241	-0.010	0.275	0.016	-0.100	-0.120	-0.039	-0.006	-0.084	0.168
M	-0.557	0.032	-0.260	0.022	-0.080	-0.025	-0.047	-0.029	0.065	0.326
N	0.011	0.064	-0.157	0.089	0.046	0.154	0.004	0.012	-0.019	0.228
P	0.794	0.110	0.496	0.055	0.041	0.035	0.094	0.025	-0.087	-0.351
Q	-0.348	0.021	-0.314	0.024	0.099	0.175	0.033	0.026	-0.048	0.179
R	-0.086	0.356	0.168	-0.082	0.227	-0.109	0.058	0.001	0.161	0.176
S	-0.379	0.035	-0.134	-0.038	0.012	0.093	0.038	0.017	-0.111	-0.080
T	-0.102	0.132	0.053	-0.048	-0.030	0.174	0.031	0.012	-0.122	-0.142
V	0.033	0.275	0.274	-0.046	-0.065	-0.075	-0.012	0.000	-0.091	-0.351
W	0.254	0.078	-0.123	0.078	-0.102	0.016	-0.063	-0.023	0.090	0.252
Y	0.308	0.131	-0.234	-0.082	-0.027	-0.030	-0.095	-0.033	0.036	0.292
Intercept	4.39293
