NumCols:	10
A	0.342	0.140	0.084	-0.047	0.274	0.092	-0.027	-0.181	-0.212	-0.243
C	-0.068	0.030	0.116	0.058	0.042	0.062	0.042	-0.081	-0.014	0.020
D	0.062	0.162	0.139	0.056	0.187	0.070	0.015	0.090	-0.014	0.142
E	0.096	0.106	0.140	0.030	0.103	0.070	0.046	0.087	-0.009	0.010
F	-0.225	0.016	-0.020	0.054	-0.026	0.082	0.123	-0.101	0.232	-0.297
G	0.292	0.038	-0.027	0.033	0.098	0.036	0.079	-0.011	0.112	0.101
H	-0.261	-0.039	-0.096	-0.035	-0.234	-0.046	-0.207	-0.016	0.093	0.131
I	-0.092	-0.053	0.015	-0.090	0.012	-0.008	0.088	0.102	-0.189	-0.132
K	0.198	-0.105	-0.144	-0.011	-0.413	-0.231	-0.116	0.077	0.239	0.406
L	-0.125	-0.122	-0.235	-0.071	0.059	-0.002	0.071	0.070	0.036	-0.826
M	-0.111	-0.302	-0.305	-0.230	-0.012	-0.017	0.042	0.012	0.059	-0.699
N	-0.004	0.108	-0.045	0.006	-0.051	-0.006	-0.017	0.074	-0.001	0.026
P	0.346	-0.092	0.275	0.141	-0.000	0.026	0.081	0.032	-0.194	0.147
Q	0.109	-0.234	-0.126	-0.053	0.056	-0.012	0.033	0.096	-0.109	0.006
R	-0.065	-0.257	-0.145	-0.079	-0.511	-0.161	-0.238	0.021	0.281	0.238
S	0.141	0.122	0.014	0.008	0.089	-0.037	-0.086	-0.042	-0.377	0.290
T	-0.147	0.173	0.180	0.042	0.204	0.007	-0.058	-0.004	-0.199	0.317
V	0.054	0.125	0.167	-0.010	0.221	0.012	0.009	0.023	-0.105	0.013
W	-0.305	0.080	0.068	0.062	-0.016	0.035	0.075	-0.107	0.103	0.204
Y	-0.236	0.105	-0.056	0.135	-0.082	0.029	0.045	-0.139	0.268	0.146
Intercept	4.33252
