NumCols:	10
A	-0.146	0.010	-0.311	-0.139	-0.029	-0.106	-0.001	-0.076	-0.119	-0.558
C	0.068	0.430	0.011	-0.031	-0.195	0.060	0.010	-0.092	0.263	0.301
D	0.491	0.389	0.232	-0.188	-0.063	-0.021	-0.042	0.059	0.352	0.309
E	0.539	0.170	0.404	-0.146	-0.076	-0.042	-0.073	-0.037	0.003	0.040
F	-0.676	0.021	-0.527	0.172	-0.284	-0.063	-0.119	-0.227	-0.163	-0.164
G	-0.043	0.395	0.058	-0.091	-0.057	0.081	0.090	0.048	-0.065	-0.218
H	-0.225	0.140	-0.039	0.169	0.022	0.137	0.091	0.044	0.051	0.671
I	-0.067	-0.464	-0.131	0.147	-0.060	-0.079	-0.109	-0.078	0.201	-0.717
K	-0.184	-0.005	0.268	0.235	0.238	0.295	0.353	0.441	0.213	0.746
L	-0.206	-1.175	-0.064	0.051	0.051	-0.052	-0.213	-0.019	-0.181	-0.968
M	-0.288	-1.062	-0.533	0.005	0.028	-0.033	-0.087	-0.156	0.047	-0.550
N	0.141	-0.017	0.219	-0.147	0.071	0.032	-0.060	-0.034	0.076	0.427
P	0.649	0.845	0.293	0.001	0.042	-0.163	0.013	0.103	-0.295	0.549
Q	0.246	-0.371	0.260	-0.079	0.217	0.089	-0.001	0.050	0.117	0.209
R	-0.150	0.457	0.295	0.166	0.319	0.250	0.270	0.365	0.051	0.446
S	-0.076	-0.162	-0.183	-0.231	0.005	0.006	0.040	-0.030	-0.085	-0.083
T	0.174	-0.062	0.138	-0.078	0.082	-0.036	-0.048	-0.010	-0.105	-0.109
V	0.169	-0.318	0.021	0.117	-0.007	-0.116	-0.108	0.019	0.100	-1.012
W	-0.036	0.477	0.045	0.061	-0.183	0.052	0.000	-0.178	0.166	0.275
Y	-0.381	0.303	-0.457	0.007	-0.122	-0.291	-0.007	-0.192	-0.626	0.406
Intercept	4.16322
