NumCols:	8
A	-0.439	0.201	-0.067	-0.039	-0.287	-0.133	-0.531	-0.767
C	-0.065	-0.049	0.025	0.033	0.052	0.005	-0.151	-0.050
D	0.021	-0.182	0.053	0.100	-0.032	-0.086	-0.032	-0.010
E	-0.014	-0.422	-0.032	0.065	0.076	-0.007	-0.118	-0.010
F	-0.078	0.074	0.107	-0.050	0.200	-0.027	-0.014	0.016
G	-0.043	-0.018	0.024	0.170	-0.058	0.063	-0.044	-0.176
H	0.125	0.073	-0.023	0.221	0.047	-0.101	0.212	0.196
I	-0.046	0.067	0.133	-0.240	-0.003	0.208	-0.127	-0.026
K	0.102	0.142	0.005	0.186	0.011	-0.014	0.156	0.057
L	0.036	0.064	-0.242	-0.248	0.118	0.037	-0.112	0.236
M	0.047	-0.000	-0.344	-0.091	0.033	0.066	0.016	0.206
N	0.101	-0.107	-0.067	0.104	0.072	0.018	0.162	0.181
P	-0.068	0.144	0.319	-0.011	0.011	0.104	0.081	-0.226
Q	0.113	-0.132	-0.174	-0.031	-0.041	0.096	0.062	0.161
R	0.132	0.107	-0.015	0.242	0.002	-0.119	0.199	0.082
S	0.031	-0.035	-0.010	0.106	-0.098	0.066	-0.096	-0.100
T	0.046	0.002	0.054	-0.035	-0.166	0.014	-0.055	-0.083
V	-0.050	0.132	0.028	-0.368	-0.063	0.108	-0.062	-0.158
W	0.029	-0.118	0.064	-0.119	0.062	-0.131	0.194	0.290
Y	0.019	0.057	0.161	0.003	0.065	-0.166	0.260	0.181
Intercept	4.58524
