NumCols:	11
A	0.341	0.057	-0.027	0.551	-0.070	-0.015	0.006	0.102	0.274	-0.713	0.067
C	0.020	0.018	0.041	-0.059	-0.000	0.014	0.023	0.004	-0.030	-0.065	0.007
D	0.049	0.018	0.175	-0.309	0.264	0.006	0.004	0.036	0.135	0.130	0.024
E	0.146	0.062	0.189	-0.307	0.109	0.018	0.005	0.022	0.301	0.081	0.016
F	-0.246	0.194	-0.462	-0.402	-0.098	0.013	0.087	-0.005	-0.438	-0.058	-0.061
G	0.082	0.013	-0.145	0.017	0.068	0.038	-0.032	-0.035	0.142	0.018	0.017
H	-0.188	-0.521	0.138	0.182	0.069	-0.015	0.035	-0.028	-0.222	0.054	-0.022
I	-0.093	0.149	-0.372	-0.155	-0.224	-0.006	0.078	0.053	-0.004	-0.166	-0.004
K	0.147	-0.218	0.141	0.522	0.091	-0.032	0.048	0.041	0.136	0.070	-0.022
L	0.193	0.096	-0.128	0.094	-0.095	0.009	-0.006	-0.019	-0.115	0.019	-0.074
M	-0.163	0.033	-0.149	0.066	-0.090	0.007	-0.046	-0.029	-0.148	0.118	-0.027
N	-0.678	-0.097	0.143	-0.052	-0.095	0.021	-0.018	-0.045	-0.049	0.288	-0.006
P	0.337	0.011	0.248	0.197	0.054	-0.008	-0.105	0.049	0.188	-0.015	0.038
Q	0.225	-0.023	-0.035	-0.210	0.022	0.013	-0.133	-0.051	0.189	0.285	0.004
R	0.145	-0.265	0.036	0.400	0.198	-0.072	0.012	0.017	0.027	0.083	-0.020
S	-0.185	-0.200	0.075	0.244	0.112	0.005	-0.018	-0.031	0.118	-0.147	0.041
T	0.088	-0.066	0.127	0.168	0.049	-0.013	-0.007	0.005	0.094	-0.198	0.046
V	0.154	0.119	-0.106	0.267	-0.154	0.003	0.031	0.037	0.069	-0.170	0.018
W	-0.141	0.151	0.077	-0.249	-0.085	0.020	0.037	-0.055	-0.352	0.269	-0.015
Y	-0.233	0.470	0.037	-0.965	-0.125	-0.005	0.000	-0.066	-0.312	0.119	-0.028
Intercept	4.53129
