NumCols:	10
A	0.001	-0.088	-0.121	-0.622	0.005	0.033	0.014	-0.009	0.081	-0.254
C	0.001	-0.013	-0.155	-0.113	0.001	-0.008	-0.003	-0.102	0.025	-0.605
D	0.002	0.000	0.019	0.046	-0.016	-0.011	-0.002	0.022	0.012	-0.335
E	0.004	0.153	0.218	-0.096	-0.022	0.001	-0.003	0.008	-0.063	-0.282
F	-0.000	0.016	-0.492	-0.026	0.002	-0.031	-0.017	-0.379	-0.059	-0.515
G	0.001	-0.509	-0.695	0.102	-0.009	0.037	-0.002	0.094	0.308	-0.188
H	0.001	0.029	-0.129	0.270	0.032	0.004	-0.003	0.007	0.088	0.088
I	-0.003	0.367	0.245	-0.057	-0.015	-0.001	-0.002	-0.040	-0.235	0.161
K	-0.001	-0.035	-0.013	0.161	0.018	0.038	0.008	0.249	0.088	1.090
L	-0.000	0.130	0.330	0.266	-0.010	-0.000	-0.000	-0.023	-0.207	0.295
M	-0.002	0.050	0.162	0.136	0.004	-0.000	-0.002	-0.009	-0.054	-0.084
N	0.001	-0.034	-0.071	-0.096	0.008	-0.006	0.001	0.021	0.133	-0.178
P	0.001	-0.117	0.359	0.138	-0.030	-0.006	0.000	-0.030	-0.208	-0.035
Q	0.000	0.011	0.217	0.199	-0.013	0.018	-0.000	0.206	-0.053	-0.046
R	-0.001	-0.162	0.184	0.390	0.033	0.035	0.005	0.153	0.145	0.603
S	-0.000	-0.059	-0.066	-0.323	0.017	0.025	0.008	0.172	0.195	0.100
T	-0.001	0.125	0.085	-0.257	-0.002	0.004	0.008	0.073	0.060	0.278
V	-0.002	0.184	0.273	-0.215	-0.003	-0.007	0.010	0.046	-0.128	0.981
W	-0.002	-0.073	-0.153	-0.071	-0.000	-0.069	-0.009	-0.204	-0.025	-0.947
Y	0.001	0.025	-0.197	0.167	0.002	-0.053	-0.009	-0.255	-0.102	-0.128
Intercept	3.26289
