NumCols:	11
A	0.073	0.037	0.061	0.017	-0.033	-0.041	-0.115	-0.003	0.116	-0.024	0.034
C	-0.063	-0.003	-0.005	0.002	0.010	-0.141	0.015	-0.018	0.012	0.031	0.007
D	0.043	0.051	0.066	0.020	0.019	0.028	-0.022	0.022	0.052	0.025	0.058
E	0.076	0.075	0.061	0.014	0.019	-0.017	-0.015	-0.071	-0.106	-0.004	-0.021
F	-0.185	-0.106	-0.147	-0.032	0.018	-0.238	-0.011	-0.081	-0.114	0.006	-0.149
G	-0.126	0.057	0.122	0.014	-0.041	0.001	0.051	-0.018	0.125	-0.062	0.018
H	0.036	-0.016	0.036	0.003	0.024	0.087	0.018	0.060	0.043	0.058	0.021
I	0.010	-0.049	-0.093	-0.035	-0.033	-0.264	-0.021	-0.137	-0.010	0.068	-0.345
K	0.115	-0.026	0.075	0.005	0.030	0.174	0.024	0.063	0.312	0.094	-0.063
L	0.007	-0.123	-0.114	-0.027	0.000	-0.063	-0.103	-0.050	0.051	-0.041	-0.277
M	0.025	-0.151	-0.083	-0.020	0.009	-0.016	-0.045	-0.051	-0.001	-0.030	-0.057
N	-0.075	0.018	0.044	0.012	0.009	0.090	0.024	0.030	0.120	-0.089	0.077
P	0.172	0.093	0.114	0.038	0.016	0.010	0.079	0.082	0.180	0.042	0.104
Q	0.129	0.054	0.021	0.013	0.020	0.164	0.007	0.001	-0.045	-0.130	0.052
R	0.061	-0.017	0.012	0.005	0.004	0.226	0.031	0.055	0.015	0.083	0.017
S	-0.003	0.091	0.119	0.015	-0.039	0.104	0.014	0.056	-0.382	-0.074	0.150
T	-0.003	0.136	0.032	0.005	-0.059	0.038	-0.019	0.059	-0.305	-0.060	0.180
V	-0.012	0.035	-0.064	-0.012	-0.043	-0.069	-0.010	-0.030	-0.017	0.033	0.140
W	-0.131	-0.113	-0.166	-0.013	0.028	-0.070	0.086	0.029	-0.161	0.029	0.141
Y	-0.150	-0.043	-0.090	-0.026	0.042	-0.003	0.009	0.005	0.115	0.046	-0.086
Intercept	4.71748
