NumCols:	11
A	-0.574	0.205	-0.035	0.077	0.181	0.001	0.052	0.005	0.236	-0.004	-0.369
C	0.045	-0.258	-0.000	-0.054	0.008	-0.087	-0.041	0.001	0.126	0.000	0.010
D	0.637	0.001	0.027	-0.067	0.038	0.253	0.047	0.009	0.253	0.001	0.128
E	0.375	-0.887	-0.003	-0.108	-0.002	0.217	-0.002	0.004	0.074	-0.002	0.031
F	-0.486	-0.206	-0.068	-0.203	-0.122	-0.103	-0.048	-0.003	-0.123	0.007	0.034
G	-0.449	0.283	0.022	-0.056	0.068	0.021	0.147	0.008	0.331	-0.002	0.043
H	-0.239	-0.144	0.032	0.156	-0.036	-0.175	-0.049	0.011	0.094	-0.001	0.570
I	0.189	-0.101	-0.057	0.083	-0.129	-0.157	0.056	-0.030	-0.212	0.011	-1.511
K	-0.438	0.039	0.030	0.117	0.041	0.276	0.087	0.003	0.167	-0.004	0.100
L	-0.183	-0.152	-0.052	-0.151	-0.155	-0.005	-0.195	-0.013	-0.329	0.006	-0.366
M	-0.084	-0.039	-0.023	-0.112	-0.102	-0.066	-0.083	-0.009	-0.189	0.005	-0.078
N	0.172	0.015	0.031	0.110	-0.007	0.064	-0.044	0.005	-0.185	0.002	0.356
P	0.822	0.067	0.013	-0.112	0.163	0.194	-0.028	-0.004	0.193	-0.006	-0.157
Q	0.397	0.097	0.033	0.068	0.049	0.031	-0.080	0.004	-0.107	-0.007	0.271
R	-0.332	0.099	0.036	0.078	0.079	-0.108	0.091	0.004	0.249	-0.008	0.465
S	-0.059	0.355	0.051	0.276	0.086	-0.003	0.099	0.006	0.060	-0.002	0.215
T	0.132	0.227	0.026	0.173	0.037	-0.213	0.063	0.004	-0.130	-0.001	0.135
V	0.049	0.062	-0.056	-0.050	-0.009	-0.019	0.038	-0.010	-0.319	0.006	-0.743
W	0.303	-0.011	0.006	-0.185	-0.094	-0.159	-0.023	-0.001	-0.123	0.001	0.262
Y	-0.277	0.348	-0.012	-0.041	-0.095	0.038	-0.088	0.004	-0.066	-0.002	0.604
Intercept	4.26397
