NumCols:	10
A	-0.023	-0.123	-0.061	-0.005	0.007	-0.166	0.037	-0.016	-0.037	0.236
C	0.122	0.010	0.023	-0.041	-0.005	-0.034	0.007	0.002	0.027	-0.048
D	0.603	-0.034	0.008	0.020	-0.017	-0.014	0.026	0.014	0.004	0.279
E	0.609	-0.016	-0.056	-0.058	-0.041	-0.053	0.002	0.029	0.016	0.333
F	-0.240	0.137	-0.120	-0.102	0.001	0.324	-0.049	0.039	0.068	-1.376
G	0.011	0.000	-0.008	0.024	-0.011	0.001	0.011	-0.013	0.026	0.478
H	0.081	0.077	0.040	0.112	-0.028	-0.093	-0.014	0.015	0.053	0.105
I	-0.070	0.073	-0.021	-0.149	0.073	0.107	-0.013	-0.040	-0.063	0.149
K	-0.671	0.031	0.172	0.159	0.028	0.010	0.016	-0.026	0.069	0.241
L	0.012	0.079	-0.086	-0.037	0.021	0.103	-0.081	0.024	-0.016	-0.609
M	-0.568	0.126	-0.162	-0.039	0.011	0.051	-0.025	-0.003	0.013	-0.598
N	0.186	0.026	-0.012	0.039	-0.006	-0.191	0.012	0.013	-0.068	0.297
P	0.660	-0.381	0.236	-0.041	0.014	-0.049	0.077	-0.016	-0.092	0.684
Q	0.110	-0.027	-0.049	0.016	-0.023	-0.130	0.013	0.004	-0.033	0.570
R	-0.690	0.010	0.162	0.175	0.024	0.006	0.066	-0.046	0.126	0.413
S	-0.411	0.002	-0.049	0.015	-0.009	-0.185	0.021	-0.016	-0.034	0.565
T	0.209	-0.045	-0.011	0.016	-0.001	-0.035	-0.013	0.004	-0.051	0.453
V	0.339	-0.119	-0.046	-0.060	0.035	0.010	-0.049	-0.010	-0.087	0.069
W	-0.139	0.059	0.037	-0.038	-0.019	0.159	-0.008	0.012	0.041	-0.588
Y	-0.130	0.114	0.002	-0.008	-0.055	0.179	-0.034	0.031	0.038	-1.654
Intercept	4.48064
