NumCols:	8
A	-0.006	-0.727	-0.493	-0.102	-0.618	-0.048	-0.049	0.485
C	0.067	0.620	0.402	0.151	-0.283	-0.211	0.188	-0.057
D	1.180	0.378	-0.073	0.220	0.548	0.480	0.288	0.120
E	0.764	0.671	0.100	-0.052	0.647	0.254	0.239	0.005
F	-0.733	0.824	0.580	0.129	-0.226	-0.526	-0.430	-0.962
G	0.273	-0.118	0.163	0.204	-0.548	0.416	0.271	0.144
H	-0.060	0.444	0.342	0.101	0.204	-0.312	0.031	0.313
I	-0.375	0.205	-0.145	-0.237	-0.345	0.015	-0.168	-0.970
K	-0.086	0.579	0.052	0.202	0.530	0.419	0.264	0.299
L	-0.365	0.247	0.315	-0.054	0.285	-0.038	-0.634	-1.286
M	-0.410	0.191	0.227	0.013	0.189	-0.046	-0.313	-1.143
N	0.530	0.598	0.128	-0.082	0.164	0.032	0.302	0.316
P	0.471	-0.316	-1.588	-0.605	-0.582	0.020	0.115	0.605
Q	0.325	0.002	-0.145	0.100	0.281	-0.064	0.077	0.301
R	-0.327	0.093	-0.056	0.117	0.334	0.070	0.083	0.846
S	0.060	-1.260	0.079	0.032	-0.447	0.223	0.085	0.820
T	-0.077	-1.502	-0.040	0.052	-0.192	0.103	0.006	0.639
V	-0.619	-0.945	-0.273	-0.278	0.105	-0.037	-0.122	-0.569
W	-0.110	0.244	0.293	0.068	-0.015	-0.226	0.014	0.030
Y	-0.503	-0.228	0.132	0.023	-0.032	-0.523	-0.249	0.064
Intercept	5.94848
