NumCols:	10
A	0.388	-0.034	-0.022	-0.175	0.022	-0.006	0.086	-0.135	-0.129	0.886
C	-0.166	0.128	-0.030	-0.192	-0.021	-0.028	-0.043	-0.203	0.031	-0.233
D	0.424	0.293	0.237	0.127	-0.029	-0.026	-0.070	-0.337	0.074	-0.319
E	0.379	0.437	0.142	0.113	-0.018	-0.029	-0.037	-0.399	-0.046	0.275
F	-0.238	-0.014	-0.342	-0.272	0.001	-0.109	-0.124	-0.353	-0.190	-0.523
G	0.429	0.392	0.080	0.030	0.029	-0.008	-0.084	-0.379	0.052	0.182
H	-0.495	-0.960	-0.167	0.011	-0.012	0.021	-0.031	0.260	0.016	0.179
I	-0.329	0.012	-0.052	-0.198	0.035	-0.031	0.107	0.196	0.162	-0.184
K	-0.129	-0.147	0.047	0.101	0.121	0.082	0.152	0.532	0.151	-0.259
L	-0.599	-0.176	0.046	0.112	-0.025	-0.024	0.070	0.141	-0.138	-0.077
M	-0.890	-0.497	-0.045	-0.041	-0.052	0.011	0.033	-0.150	0.072	-0.149
N	0.250	0.131	0.127	-0.060	-0.028	0.025	-0.096	0.036	0.060	0.308
P	0.395	0.115	0.098	0.053	-0.011	0.056	0.068	0.308	0.010	0.970
Q	0.181	0.041	0.170	0.326	-0.019	0.059	-0.007	0.131	-0.029	0.397
R	-0.257	-0.654	-0.135	0.108	0.098	0.096	0.134	0.613	0.133	-0.167
S	0.435	-0.041	0.079	-0.115	0.017	0.026	-0.025	-0.218	0.045	0.480
T	0.341	0.224	0.075	0.104	0.002	-0.028	-0.014	0.001	-0.035	0.249
V	0.161	0.482	0.061	0.041	0.021	-0.006	0.062	0.177	0.035	0.076
W	-0.001	0.317	-0.131	-0.058	-0.061	-0.020	-0.081	-0.052	0.005	-1.836
Y	-0.279	-0.048	-0.239	-0.013	-0.070	-0.060	-0.099	-0.168	-0.277	-0.255
Intercept	4.95614
