NumCols:	11
A	-0.290	-0.281	-0.289	-0.168	-0.206	0.048	0.026	0.181	-0.220	0.204	0.601
C	-0.123	0.100	0.077	-0.170	-0.010	0.098	-0.032	-0.054	0.046	0.271	0.026
D	0.258	0.078	0.112	0.169	0.036	0.153	0.136	0.141	0.307	-0.007	0.275
E	0.293	0.063	-0.126	0.212	0.178	0.020	0.178	0.016	0.146	0.074	0.233
F	-0.263	0.286	-0.043	-0.038	-0.141	-0.016	0.272	-0.251	0.001	0.014	-0.850
G	0.026	-0.112	0.354	-0.003	0.017	-0.109	-0.005	0.112	0.133	-0.032	0.410
H	-0.330	0.042	-0.038	0.005	-0.097	-0.078	-0.103	0.119	0.014	0.002	-0.079
I	0.022	0.314	0.057	0.119	0.009	-0.008	-0.062	-0.157	-0.077	-0.144	-0.329
K	-0.486	0.161	-0.066	0.342	0.251	-0.011	-0.099	0.281	0.169	-0.071	0.322
L	-0.087	0.031	-0.150	0.041	-0.026	-0.203	0.176	-0.165	0.054	-0.038	-0.535
M	-0.245	0.105	-0.190	-0.078	-0.076	-0.082	0.098	0.012	0.061	0.144	-0.656
N	0.243	0.048	0.139	-0.011	0.013	-0.012	0.139	0.019	0.115	0.060	0.009
P	0.426	0.160	0.594	0.128	-0.060	0.277	-0.372	0.295	0.077	0.031	0.694
Q	0.423	-0.133	0.186	0.031	0.284	0.037	-0.020	-0.030	0.081	0.150	0.415
R	-0.417	0.330	-0.191	0.039	0.118	-0.032	-0.115	0.341	0.081	-0.172	0.451
S	0.131	-0.595	-0.134	-0.302	-0.118	-0.148	-0.199	-0.128	-0.075	-0.066	0.573
T	0.279	-0.718	-0.117	-0.154	-0.042	-0.027	-0.069	-0.150	-0.150	-0.098	0.368
V	0.189	-0.201	-0.024	0.009	-0.029	0.019	0.023	-0.114	-0.213	-0.216	-0.234
W	-0.034	0.142	0.034	-0.137	-0.051	0.187	-0.009	-0.177	0.101	0.161	-0.640
Y	-0.016	0.179	-0.184	-0.034	-0.051	-0.114	0.038	-0.291	-0.650	-0.267	-1.055
Intercept	4.07159
