NumCols:	8
A	0.162	-0.449	0.029	0.003	-0.356	0.067	0.018	0.577
C	-0.012	-0.012	0.104	0.007	-0.137	0.022	0.004	0.235
D	0.496	0.041	0.097	0.009	0.201	0.049	0.014	0.229
E	0.537	-0.020	0.094	0.019	0.742	0.073	-0.011	0.155
F	-0.273	0.298	-0.081	0.002	0.028	0.007	0.008	-1.144
G	0.119	-0.193	0.037	0.003	-0.167	0.006	0.030	0.432
H	-0.328	0.725	-0.185	-0.011	0.175	-0.041	0.009	0.087
I	-0.019	-0.359	-0.079	-0.004	-0.093	0.011	-0.030	-0.430
K	-0.294	1.440	-0.377	-0.022	0.635	-0.071	0.045	0.522
L	-0.052	-0.059	-0.046	-0.001	-0.210	-0.028	-0.042	-0.615
M	-0.204	0.354	-0.125	-0.007	-0.872	-0.066	-0.028	-1.252
N	0.210	0.159	0.144	0.004	0.078	-0.071	0.001	0.231
P	0.671	-1.541	0.615	0.020	-0.042	0.006	0.007	0.721
Q	0.255	0.112	0.101	0.010	-0.290	0.006	-0.025	0.487
R	-0.680	1.622	-0.422	-0.019	-0.049	-0.073	0.034	0.631
S	0.137	-1.327	-0.036	-0.007	-0.382	0.002	-0.003	0.830
T	0.076	-1.355	-0.002	-0.001	-0.152	0.035	-0.012	0.742
V	0.041	-0.244	0.065	-0.005	0.230	0.029	-0.024	-0.290
W	-0.336	0.173	0.053	0.003	0.208	-0.007	-0.001	-0.775
Y	-0.506	0.636	0.015	-0.003	0.452	0.043	0.007	-1.374
Intercept	5.03083
