NumCols:	8
A	0.097	0.397	-0.129	-0.048	-0.062	-0.023	0.075	-0.044
C	0.013	0.227	-0.288	-0.034	0.061	0.030	0.078	0.019
D	0.412	0.349	0.509	-0.080	0.134	0.113	-0.060	0.223
E	0.524	0.210	0.285	-0.045	0.091	0.158	-0.035	0.066
F	-0.036	0.397	-0.262	0.067	-0.302	-0.108	0.068	-0.039
G	0.104	0.242	-0.025	0.042	0.257	0.218	0.139	-0.047
H	-0.469	-0.443	0.097	-0.003	0.137	-0.038	-0.042	0.166
I	0.018	0.355	-0.319	0.071	-0.342	-0.282	0.145	-0.200
K	-1.084	-0.446	0.252	-0.044	-0.031	-0.006	-0.024	0.095
L	0.243	0.011	-0.016	0.120	-0.333	-0.136	-0.040	-0.541
M	-0.113	-0.140	-0.027	0.077	-0.210	-0.099	0.029	-0.178
N	0.244	0.103	-0.054	0.034	0.108	0.075	-0.053	0.135
P	0.870	-0.088	0.680	-0.042	0.288	0.004	-0.263	0.388
Q	0.330	-0.492	-0.275	-0.063	0.110	0.129	-0.066	-0.083
R	-1.289	-1.536	-0.164	-0.149	-0.036	-0.039	-0.106	0.196
S	-0.079	0.061	0.256	-0.024	0.258	0.128	0.041	-0.011
T	0.153	0.240	0.159	-0.038	0.116	0.004	0.022	-0.126
V	0.188	0.307	0.101	0.085	-0.169	-0.153	0.028	-0.152
W	-0.112	-0.021	-0.617	0.020	0.005	-0.124	0.019	0.044
Y	-0.015	0.266	-0.163	0.055	-0.080	0.150	0.044	0.092
Intercept	4.91999
