NumCols:	9
A	-0.054	-0.881	-0.329	-0.177	-0.373	-0.048	-0.359	0.160	0.447
C	0.090	0.399	0.146	0.020	-0.003	-0.029	0.165	0.301	0.108
D	0.713	1.113	-0.037	-0.098	0.455	0.614	0.350	0.492	0.607
E	0.465	0.663	0.197	-0.037	0.026	0.654	0.040	0.342	0.253
F	-0.271	0.199	0.023	0.113	-0.456	-0.708	-0.467	-0.493	-1.073
G	0.025	-0.228	0.413	-0.052	0.266	-0.029	0.454	0.288	0.385
H	0.231	0.348	0.228	0.227	-0.150	-0.401	-0.297	0.200	0.286
I	-0.335	-0.126	0.002	-0.079	-0.138	-0.416	-0.177	-0.174	-0.849
K	-0.191	1.350	0.533	0.116	0.561	0.603	0.427	0.216	0.439
L	-0.409	-0.056	0.506	0.061	-0.100	-0.166	-0.159	-0.625	-1.275
M	-0.046	-0.401	0.234	-0.052	-0.034	-0.281	0.240	-0.189	-1.130
N	0.513	0.268	0.126	0.101	0.113	0.034	-0.111	-0.011	0.487
P	0.552	-0.026	-1.731	-0.341	-0.431	0.383	-0.132	0.071	0.617
Q	0.085	0.405	0.060	0.001	0.488	0.341	0.288	0.087	0.195
R	-0.300	1.216	0.282	0.180	0.317	0.141	0.166	0.275	0.588
S	-0.202	-1.510	0.020	-0.160	-0.159	-0.139	0.231	-0.008	0.114
T	-0.134	-1.769	-0.375	-0.064	-0.103	-0.110	0.028	-0.072	0.702
V	-0.322	-0.776	-0.140	0.064	-0.101	-0.134	-0.031	-0.042	-0.660
W	0.111	-0.080	-0.044	0.040	-0.039	-0.152	-0.240	-0.271	-0.297
Y	-0.523	-0.107	-0.115	0.136	-0.139	-0.155	-0.416	-0.548	0.055
Intercept	5.61534
