NumCols:	9
A	-0.403	0.091	-0.061	0.015	0.055	-0.008	-0.026	0.002	-0.048
C	-0.181	-0.270	0.325	0.002	-0.051	0.043	-0.052	0.013	-0.105
D	1.010	-0.412	0.526	-0.005	0.176	0.237	-0.022	0.015	0.413
E	0.852	-1.726	0.367	-0.016	0.132	0.249	-0.054	0.009	0.290
F	-0.455	0.149	-0.569	-0.014	-0.266	-0.190	-0.146	0.016	-0.552
G	-0.417	-0.295	0.558	0.014	0.078	0.211	0.050	0.001	0.390
H	-0.454	-0.045	0.030	0.013	-0.020	0.298	0.050	-0.007	0.710
I	-0.161	-1.164	-0.391	-0.023	-0.309	-0.411	-0.064	-0.002	-1.839
K	-0.279	-0.117	0.081	0.028	0.262	0.492	0.209	-0.040	0.490
L	0.166	0.829	-0.286	-0.025	-0.117	-0.359	0.007	-0.025	-0.871
M	-0.232	-0.089	-0.967	-0.017	-0.211	-0.285	-0.017	-0.007	-0.553
N	0.558	-0.154	0.370	-0.008	0.111	0.203	0.060	0.004	0.528
P	0.811	1.027	0.553	0.042	-0.021	-0.051	-0.104	-0.007	0.702
Q	0.368	-0.874	0.437	-0.004	0.143	0.028	0.048	-0.012	0.565
R	-0.693	-0.053	-0.302	0.051	0.113	0.160	0.135	-0.031	0.788
S	0.026	0.221	0.077	-0.002	0.203	-0.066	0.049	0.000	0.207
T	0.566	0.757	0.205	-0.013	0.202	-0.215	0.031	0.014	-0.082
V	0.174	0.999	-0.183	-0.018	-0.165	-0.344	-0.038	0.012	-0.983
W	-0.656	0.235	-0.326	-0.012	-0.221	-0.164	-0.055	0.027	-0.410
Y	-0.599	0.891	-0.443	-0.007	-0.094	0.172	-0.060	0.018	0.361
Intercept	4.76289
