NumCols:	9
A	0.290	0.555	-0.352	0.028	0.164	-0.133	0.190	-0.487	-0.180
C	0.005	0.378	0.022	-0.016	-0.002	0.050	0.053	0.088	0.137
D	-0.301	0.295	0.361	0.018	0.235	0.281	0.283	0.107	0.735
E	0.512	0.121	0.323	0.005	0.179	0.479	0.179	0.013	0.391
F	-0.290	0.610	-0.190	-0.085	-0.138	-0.111	-0.670	-0.130	-0.834
G	0.268	0.562	-0.053	0.000	0.014	0.119	0.071	-0.007	0.393
H	-0.499	-2.154	-0.206	0.016	-0.191	0.102	-0.177	0.335	0.400
I	-0.047	0.340	-0.199	-0.037	0.090	-0.248	-0.132	0.108	-0.828
K	0.589	-0.165	0.205	-0.010	-0.012	0.207	0.302	0.210	0.333
L	0.550	-0.157	0.196	-0.092	-0.003	0.076	-0.493	0.055	-1.613
M	-0.137	-0.185	-0.193	-0.041	-0.093	-0.124	-0.339	0.530	-0.938
N	-0.890	-0.055	-0.179	0.082	-0.158	-0.046	0.154	0.635	0.240
P	0.372	0.005	0.524	0.016	0.146	0.091	0.057	-0.416	0.881
Q	0.449	-0.755	0.162	0.012	0.049	0.063	0.299	-0.009	0.533
R	0.419	-0.561	0.338	0.091	-0.037	0.010	0.087	0.283	0.935
S	-0.366	0.011	-0.375	0.079	-0.067	-0.300	0.388	-0.354	0.512
T	-0.047	0.148	-0.215	0.058	0.006	-0.110	0.412	-0.496	-0.107
V	-0.045	0.381	-0.139	-0.019	0.228	-0.158	0.179	-0.635	-0.924
W	-0.412	0.437	0.009	-0.037	-0.135	-0.040	-0.206	0.076	-0.107
Y	-0.422	0.189	-0.037	-0.068	-0.276	-0.207	-0.638	0.093	0.041
Intercept	6.09433
