NumCols:	11
A	-0.021	-0.599	0.207	-0.033	-0.329	0.038	-0.009	0.049	-0.112	0.169	0.038
C	-0.067	0.225	0.098	-0.014	-0.080	0.003	-0.002	-0.011	-0.120	-0.015	-0.042
D	0.315	0.214	-0.006	-0.016	0.337	0.007	-0.047	-0.012	0.562	0.251	0.250
E	0.187	0.182	0.084	0.009	0.539	0.022	0.017	0.024	0.259	0.115	0.220
F	-0.517	0.792	0.103	-0.039	0.069	-0.031	0.017	0.022	-0.085	-0.242	-0.960
G	0.278	-0.100	0.074	-0.053	0.084	0.008	-0.118	0.030	-0.079	0.070	0.095
H	0.018	0.766	0.018	0.091	0.286	-0.005	-0.033	0.025	0.131	-0.075	0.172
I	-0.307	-0.052	0.166	0.058	-0.363	-0.016	0.093	0.052	-0.208	-0.054	-0.662
K	0.106	0.467	0.164	0.054	0.435	0.012	0.066	0.052	0.209	-0.075	0.121
L	-0.218	0.034	0.199	0.038	0.229	-0.022	0.092	-0.037	-0.143	-0.181	-0.739
M	-0.116	0.419	0.241	0.057	0.068	-0.015	0.036	-0.029	-0.175	-0.098	-0.527
N	0.189	0.431	-0.065	-0.001	-0.144	-0.011	-0.064	-0.065	0.088	0.099	0.286
P	0.520	-0.043	-1.083	-0.057	-0.599	0.042	-0.133	0.107	0.093	0.216	0.316
Q	0.186	0.199	-0.136	0.021	-0.178	0.009	0.026	-0.026	-0.299	0.050	0.687
R	-0.110	0.306	0.055	0.039	0.757	0.013	0.032	0.013	-0.005	-0.134	0.566
S	0.112	-1.375	0.083	-0.014	-0.100	0.014	0.009	-0.021	-0.157	0.128	0.436
T	0.080	-1.600	0.085	-0.025	-0.358	0.006	0.015	-0.061	-0.025	0.048	0.244
V	-0.117	-0.590	0.008	-0.044	-0.090	-0.005	0.002	-0.044	0.197	0.003	-0.479
W	-0.107	0.399	-0.153	-0.047	-0.271	-0.031	-0.002	-0.054	-0.055	-0.081	-0.075
Y	-0.410	-0.074	-0.143	-0.023	-0.292	-0.038	0.002	-0.015	-0.076	-0.196	0.054
Intercept	5.13667
