NumCols:	9
A	0.202	0.177	0.069	0.088	-0.374	-0.348	0.143	-0.347	0.576
C	0.076	0.232	0.120	-0.043	-0.053	-0.167	0.035	0.089	0.220
D	0.016	0.374	0.311	0.053	0.131	-0.010	0.017	0.302	0.296
E	0.252	0.306	0.252	0.007	0.004	-0.267	0.004	0.035	0.164
F	-0.421	0.143	0.269	-0.236	0.194	0.445	-0.009	0.153	-0.160
G	-0.004	0.224	-0.134	0.222	0.063	-0.249	0.074	0.113	0.276
H	-0.103	0.120	0.354	-0.063	0.184	0.316	-0.025	0.210	-0.087
I	-0.035	-0.833	-0.410	-0.089	-0.164	0.760	-0.097	-0.378	-0.189
K	-0.280	0.371	-0.033	0.184	-0.004	0.602	-0.006	0.002	-0.131
L	-0.178	-0.972	-0.101	-0.129	-0.080	-0.039	-0.060	-0.043	-1.024
M	-0.160	-0.747	-0.011	-0.162	-0.080	0.039	-0.101	-0.022	-0.965
N	-0.103	-0.036	0.199	0.049	0.148	-0.334	-0.031	0.260	-0.154
P	0.447	0.259	-0.162	0.255	-0.145	0.167	0.155	-0.024	0.450
Q	0.351	-0.150	-0.113	0.041	-0.148	-1.758	-0.029	0.027	-0.234
R	-0.116	0.702	0.048	0.055	0.113	0.326	0.040	0.019	0.038
S	-0.092	0.217	-0.176	0.178	-0.046	-0.326	-0.003	-0.188	0.193
T	-0.028	-0.002	-0.295	0.069	-0.006	-0.109	-0.010	-0.168	0.271
V	0.150	-0.667	-0.282	0.025	-0.129	0.479	-0.005	-0.461	0.048
W	-0.087	0.013	-0.036	-0.239	0.197	0.049	-0.073	0.212	0.053
Y	0.113	0.269	0.129	-0.265	0.197	0.424	-0.019	0.208	0.358
Intercept	4.79759
