NumCols:	9
A	-0.095	-0.400	0.020	-0.060	-0.026	-0.134	-0.035	-0.060	0.052
C	0.113	-0.043	0.095	-0.021	-0.027	0.007	0.035	-0.002	-0.326
D	0.354	0.090	0.386	0.140	0.006	0.028	0.073	0.355	0.518
E	0.218	0.064	0.127	0.050	0.024	0.035	0.004	-0.049	0.212
F	0.183	0.224	-0.733	-0.175	-0.040	0.016	0.104	-0.298	-1.442
G	0.019	-0.964	-0.096	-0.071	-0.041	-0.002	-0.061	-0.435	-0.110
H	-0.160	0.212	0.066	-0.093	-0.051	0.074	0.044	-0.278	0.362
I	0.117	0.407	-0.294	0.098	0.047	-0.081	0.039	0.267	-0.659
K	-0.585	0.053	0.130	0.018	-0.052	0.018	-0.016	0.253	0.406
L	0.048	0.269	-0.064	0.056	0.019	-0.015	-0.060	-0.028	-1.144
M	0.062	0.218	-0.036	0.010	-0.011	0.035	0.031	0.204	-0.298
N	0.088	0.017	0.017	-0.027	-0.000	0.028	0.032	0.238	0.669
P	0.298	-0.022	0.390	0.209	0.055	-0.226	-0.167	-0.293	1.269
Q	-0.127	-0.223	0.243	0.181	0.052	0.011	-0.097	0.263	0.878
R	-0.513	0.164	0.298	0.088	-0.011	0.034	0.005	0.664	0.706
S	-0.329	-0.396	0.073	-0.033	0.013	0.014	-0.087	-0.794	0.444
T	0.037	-0.243	0.083	-0.013	0.062	0.004	-0.056	-0.202	0.215
V	-0.024	0.177	-0.160	-0.006	0.028	-0.066	0.009	-0.136	-0.260
W	0.240	0.270	-0.007	-0.100	-0.013	0.089	0.122	0.147	-1.144
Y	0.055	0.128	-0.538	-0.249	-0.032	0.131	0.081	0.184	-0.346
Intercept	4.57833
