NumCols:	8
A	0.195	0.082	-0.183	0.152	-0.001	-0.047	0.126	0.193
C	0.011	0.017	-0.054	0.063	-0.079	-0.076	-0.005	-0.145
D	0.074	0.090	0.027	0.128	-0.157	-0.167	0.050	-0.105
E	0.082	0.089	-0.064	0.096	-0.134	-0.233	0.022	-0.035
F	-0.030	-0.221	-0.045	0.068	0.061	-0.057	0.005	-0.049
G	0.141	0.074	-0.034	0.133	-0.068	-0.113	0.050	-0.004
H	-0.329	-0.048	-0.066	-0.010	-0.001	0.104	-0.066	-0.004
I	0.039	-0.020	0.057	-0.024	0.256	0.067	0.080	0.121
K	-0.030	0.019	-0.053	-0.161	0.177	0.246	0.059	0.149
L	-0.068	-0.107	0.075	-0.096	0.061	0.021	-0.023	0.154
M	-0.209	-0.136	0.061	-0.112	0.060	0.000	-0.006	0.138
N	-0.035	0.075	0.114	0.042	-0.102	-0.000	-0.020	-0.105
P	0.102	-0.020	-0.015	0.065	0.023	0.000	-0.129	-0.081
Q	0.017	0.046	0.148	-0.016	-0.214	-0.066	0.036	-0.041
R	-0.129	-0.235	-0.110	-0.187	0.149	0.250	-0.026	0.118
S	0.122	0.168	0.051	0.048	-0.096	0.089	0.109	-0.010
T	0.120	0.198	0.053	0.024	-0.077	0.059	0.029	-0.038
V	0.128	0.070	0.027	-0.167	0.143	-0.007	0.009	0.062
W	-0.031	-0.042	0.012	-0.043	-0.045	-0.049	-0.087	-0.469
Y	-0.169	-0.099	-0.002	-0.002	0.042	-0.019	-0.211	0.153
Intercept	4.5849
