NumCols:	9
A	-0.168	0.283	0.042	-0.012	0.027	0.090	0.128	0.197	0.087
C	0.080	0.008	0.057	-0.001	0.006	0.019	0.045	-0.016	0.008
D	0.080	0.228	0.225	-0.002	-0.006	0.008	-0.036	-0.141	0.119
E	0.100	0.117	0.118	-0.002	0.006	-0.088	-0.018	-0.255	-0.012
F	0.200	-0.223	0.113	-0.000	-0.006	-0.119	0.005	0.026	-0.581
G	-0.077	0.138	-0.053	0.001	0.018	0.014	0.095	0.073	0.109
H	-0.008	-1.595	-0.078	-0.001	-0.022	-0.056	-0.124	-0.000	-0.096
I	0.029	-0.014	-0.228	0.009	-0.001	-0.029	-0.061	0.047	0.143
K	0.185	0.042	0.133	0.001	-0.027	0.129	-0.090	0.143	0.217
L	0.159	0.131	0.053	0.008	-0.008	-0.093	-0.150	-0.031	-0.333
M	0.011	-0.090	-0.289	0.008	-0.013	-0.061	-0.065	-0.022	-0.189
N	-0.164	0.002	-0.197	0.004	-0.001	0.078	0.005	-0.089	0.257
P	0.089	0.546	0.342	-0.022	0.028	0.105	0.089	0.067	0.300
Q	-0.116	0.234	-0.094	0.002	0.009	0.027	0.040	-0.103	0.148
R	-0.006	-0.046	0.088	-0.006	-0.033	0.014	-0.016	0.155	0.021
S	-0.438	-0.089	-0.424	0.001	0.013	-0.011	0.103	-0.032	0.307
T	-0.202	0.117	-0.059	0.001	0.017	0.054	0.071	-0.073	0.212
V	0.023	0.019	0.008	0.003	0.016	-0.004	0.035	0.067	0.052
W	0.161	0.045	0.054	0.006	-0.003	-0.021	0.072	-0.033	-0.044
Y	0.063	0.147	0.188	0.002	-0.018	-0.057	-0.128	0.020	-0.724
Intercept	4.32496
