NumCols:	9
A	-0.180	-0.193	0.173	-0.154	0.465	0.102	-0.024	0.225	0.017
C	-0.043	0.134	-0.071	0.066	-0.081	-0.137	-0.207	-0.074	0.100
D	0.052	0.277	-0.164	0.154	0.103	0.032	-0.012	0.449	0.747
E	0.048	0.271	-0.086	0.116	0.166	0.046	-0.220	0.071	0.821
F	0.060	0.487	-0.196	-0.132	-0.674	-0.204	-0.566	-0.478	0.321
G	-0.059	-0.156	0.080	0.081	0.074	-0.011	0.181	-0.004	0.358
H	-0.006	0.146	0.023	0.155	0.462	-0.142	0.150	0.050	-0.468
I	0.184	0.563	-0.086	-0.201	0.092	-0.237	-0.111	-0.059	-0.098
K	-0.155	0.048	0.246	-0.142	0.382	0.323	0.423	0.139	-2.143
L	0.126	-0.023	-0.075	-0.260	-0.508	-0.074	-0.167	-0.060	0.248
M	0.074	0.669	-0.071	-0.125	0.144	-0.071	-0.284	-0.041	-0.000
N	0.074	-1.559	-0.133	0.002	-0.460	0.007	0.150	-0.069	0.521
P	0.083	0.207	0.034	-0.020	-0.264	0.140	0.147	0.228	0.916
Q	0.049	-0.037	0.036	0.155	-0.042	0.103	-0.011	-0.207	0.403
R	-0.208	0.223	0.300	0.115	0.534	0.324	0.418	0.015	-1.946
S	-0.180	-1.213	0.118	-0.037	-0.304	0.099	0.191	-0.107	0.005
T	-0.062	-0.469	0.067	0.006	-0.123	0.064	0.281	0.289	0.252
V	0.080	0.086	0.034	-0.141	-0.021	-0.117	0.229	0.444	0.233
W	0.065	0.358	-0.125	0.205	0.092	-0.212	-0.266	-0.214	-0.087
Y	-0.003	0.182	-0.104	0.159	-0.038	-0.036	-0.301	-0.595	-0.199
Intercept	4.6888
