NumCols:	10
A	0.610	0.394	0.362	0.009	-0.006	0.024	0.011	0.074	-0.512	0.192
C	0.144	-0.025	0.765	-0.002	0.002	-0.001	-0.052	0.010	0.269	0.085
D	0.186	0.203	0.220	-0.010	0.007	-0.048	0.064	0.001	-0.010	0.180
E	0.123	0.140	0.431	-0.009	0.002	-0.012	-0.134	0.000	-0.406	0.146
F	0.014	-0.181	-0.454	-0.004	0.012	-0.056	-0.308	-0.031	0.455	-0.441
G	0.186	-0.035	-0.019	-0.002	0.002	0.036	-0.029	0.045	0.289	-0.001
H	-0.231	-0.747	0.145	0.007	0.007	0.022	-0.014	-0.010	0.473	-0.094
I	0.135	-0.036	-0.167	-0.015	-0.004	-0.042	0.229	-0.044	0.085	0.013
K	0.169	-0.145	-0.081	0.035	0.017	0.050	0.181	0.033	0.251	0.034
L	0.098	0.004	0.276	-0.010	-0.011	-0.036	-0.143	-0.065	-0.033	-0.483
M	-0.057	-0.109	-0.807	-0.009	-0.002	-0.019	-0.058	-0.059	0.311	-0.361
N	-0.696	-0.141	0.036	-0.008	-0.007	0.004	-0.060	-0.011	0.128	-0.070
P	0.463	0.115	0.712	0.010	-0.017	0.024	0.069	0.041	-0.896	0.304
Q	-0.096	0.110	-0.133	-0.005	-0.012	0.047	-0.144	-0.000	-0.232	-0.002
R	-0.160	-0.037	0.314	0.036	0.024	0.101	0.176	0.006	0.383	0.110
S	-0.184	0.098	-0.404	-0.003	-0.007	0.032	0.048	0.018	-0.232	-0.024
T	-0.018	0.284	-0.147	-0.005	-0.009	-0.019	0.057	0.027	-0.442	0.116
V	0.006	0.270	0.091	-0.005	-0.014	-0.052	0.105	0.019	-0.611	0.122
W	-0.359	-0.094	-0.185	-0.009	0.003	-0.030	0.016	-0.029	0.324	0.163
Y	-0.332	-0.067	-0.955	-0.001	0.012	-0.025	-0.012	-0.024	0.408	0.009
Intercept	4.66557
