NumCols:	10
A	-0.570	0.464	0.254	0.117	0.010	-0.140	-0.154	0.122	-0.136	0.186
C	0.080	-0.121	-0.173	0.013	0.018	0.026	-0.294	-0.016	-0.071	0.006
D	0.890	-0.236	0.045	-0.002	0.084	0.047	0.222	0.000	0.060	0.210
E	0.815	-1.849	0.038	0.010	0.040	-0.083	0.304	0.012	0.106	0.052
F	-0.496	0.292	-0.652	0.053	-0.112	-0.049	0.090	-0.075	-0.159	-0.531
G	0.114	1.004	0.247	0.011	0.085	-0.069	-0.062	0.021	-0.124	0.147
H	-0.380	-0.274	-0.013	-0.036	-0.087	0.128	0.527	0.051	-0.020	0.400
I	0.135	0.997	-0.376	0.065	-0.090	-0.141	-0.829	-0.073	-0.041	-1.550
K	-0.377	0.530	0.352	-0.022	0.126	0.174	0.464	0.114	-0.075	0.138
L	0.178	0.041	-0.354	0.040	-0.123	-0.028	0.159	0.014	0.044	-0.726
M	-0.352	-0.179	-0.448	-0.051	-0.085	-0.005	-0.275	-0.047	-0.015	-0.754
N	0.253	-0.300	0.072	-0.028	0.035	0.074	-0.035	0.038	0.103	0.221
P	1.229	0.059	0.428	-0.018	0.083	-0.044	-0.203	-0.015	0.155	0.283
Q	0.397	-0.855	0.215	-0.036	0.038	-0.016	-0.104	-0.021	0.203	0.306
R	-0.776	0.083	-0.014	-0.129	0.203	0.204	0.247	0.095	0.068	0.460
S	-0.336	0.003	0.208	-0.007	-0.007	-0.037	0.084	-0.016	-0.083	0.516
T	-0.003	-0.154	0.514	0.030	-0.072	-0.077	-0.071	0.006	-0.025	0.640
V	-0.033	0.656	0.216	0.061	-0.113	-0.079	-0.357	0.053	-0.002	-0.460
W	-0.315	-0.106	-0.286	-0.033	-0.053	0.091	0.188	-0.195	0.009	0.044
Y	-0.454	-0.056	-0.272	-0.038	0.021	0.025	0.098	-0.069	0.001	0.414
Intercept	4.72184
