NumCols:	10
A	-0.164	-0.229	-0.110	0.015	-0.072	0.019	-0.107	-0.116	0.261	0.211
C	0.221	0.090	0.153	0.123	0.061	-0.018	0.050	0.049	0.194	0.439
D	0.642	0.175	0.316	0.181	0.114	0.001	0.060	0.376	0.239	0.320
E	1.011	0.223	0.229	0.039	0.133	-0.001	0.054	0.203	0.101	0.393
F	-0.605	0.772	0.037	-0.165	-0.100	-0.010	0.154	-0.291	-0.399	-1.344
G	0.061	-0.132	0.098	0.109	0.024	0.010	0.061	-0.304	0.157	0.278
H	-0.214	0.211	-0.207	0.206	-0.021	-0.006	0.088	0.204	0.061	-0.321
I	-0.114	0.075	-0.054	-0.156	-0.014	-0.014	-0.012	-0.543	-0.390	-0.232
K	-0.626	0.700	-0.088	-0.009	-0.021	0.025	0.156	0.147	0.048	0.459
L	-0.399	0.269	-0.032	-0.117	-0.005	0.011	-0.066	-0.289	-0.263	-0.774
M	-0.451	0.201	-0.263	0.038	-0.090	-0.004	-0.068	-0.222	-0.193	-1.603
N	0.717	0.085	0.146	0.016	0.006	-0.010	0.031	0.110	0.144	0.696
P	1.000	0.306	0.612	0.047	0.059	-0.002	-0.118	0.165	0.337	1.016
Q	0.463	-0.282	-0.005	-0.004	-0.004	0.010	-0.149	0.277	0.037	0.489
R	-0.787	0.732	-0.308	-0.188	-0.098	0.016	0.126	0.446	0.053	0.110
S	-0.027	-1.133	-0.362	-0.056	-0.052	-0.008	-0.143	-0.279	-0.041	0.596
T	0.084	-1.400	-0.251	0.002	0.005	0.002	-0.124	-0.146	-0.018	0.503
V	-0.048	-0.686	-0.023	-0.128	-0.010	-0.001	-0.087	-0.244	-0.148	-0.155
W	-0.110	-0.061	0.200	0.081	0.044	-0.019	0.049	0.130	-0.041	0.258
Y	-0.652	0.084	-0.088	-0.035	0.041	-0.001	0.046	0.328	-0.139	-1.339
Intercept	4.66641
