NumCols:	9
A	-0.403	0.310	0.028	0.034	0.173	0.181	0.270	-0.090	-0.728
C	-0.124	-0.077	-0.002	-0.041	-0.086	-0.080	-0.072	-0.012	-0.041
D	0.052	0.129	0.016	0.030	0.130	0.124	0.069	0.020	0.411
E	-0.329	0.140	0.012	0.033	0.066	0.046	-0.015	-0.050	0.380
F	-0.007	-0.519	-0.051	-0.136	-0.237	-0.434	-0.375	-0.126	-0.839
G	0.144	-0.005	0.024	-0.048	0.227	0.142	0.144	0.094	0.286
H	0.025	-0.143	0.030	0.049	0.001	0.003	-0.096	0.028	0.850
I	0.177	-0.093	-0.116	-0.045	0.078	-0.162	-0.165	0.015	-0.654
K	0.235	0.110	0.029	0.189	0.151	0.100	0.175	-0.037	0.003
L	0.023	0.034	-0.073	0.037	0.045	-0.289	-0.330	-0.154	-1.102
M	-0.023	-0.143	-0.056	0.011	0.007	-0.173	-0.142	0.010	-1.326
N	0.009	-0.026	0.017	0.005	-0.160	0.076	0.015	0.043	0.357
P	0.271	0.485	0.028	0.090	0.020	0.128	0.215	0.054	1.060
Q	-0.282	0.241	0.033	0.030	0.053	0.172	0.081	0.051	0.947
R	0.141	0.182	0.074	0.181	0.095	0.025	0.222	0.056	0.894
S	-0.394	0.162	0.047	-0.049	0.166	0.298	0.213	0.056	0.638
T	0.029	0.152	0.022	-0.023	-0.041	0.252	0.144	0.072	0.086
V	-0.052	0.169	-0.051	-0.029	-0.005	0.010	0.035	-0.000	-1.365
W	0.312	-0.348	-0.025	-0.147	-0.467	-0.193	-0.226	0.058	-0.125
Y	0.194	-0.763	0.014	-0.170	-0.216	-0.223	-0.162	-0.091	0.266
Intercept	4.84014
