NumCols:	10
A	0.183	-0.114	-0.295	-0.053	-0.329	0.158	0.060	-0.074	0.145	-0.209
C	0.049	0.192	-0.170	-0.102	0.063	0.006	0.194	0.043	0.110	0.130
D	0.469	-0.016	0.116	0.002	0.328	0.031	0.085	0.098	0.314	0.208
E	0.330	0.062	0.301	-0.084	0.019	-0.021	0.498	0.089	0.214	-0.010
F	-0.077	0.467	-0.179	-0.097	-0.331	-0.007	-0.322	0.104	-0.058	-0.192
G	0.167	0.476	0.217	0.085	-0.023	0.126	-0.348	-0.015	-0.058	0.064
H	-0.112	-0.308	-0.037	0.059	-0.092	-0.005	-0.020	0.045	-0.118	0.540
I	-0.328	0.609	0.025	-0.020	-0.118	0.008	0.086	-0.035	-0.090	-1.999
K	-0.415	-0.197	0.434	0.328	0.004	0.116	-0.124	-0.058	-0.127	0.213
L	-0.324	0.027	0.122	-0.028	-0.151	-0.080	-0.083	-0.095	-0.083	-0.804
M	-0.372	0.212	0.007	0.015	0.002	-0.014	0.095	-0.080	-0.063	-0.512
N	0.227	-0.136	0.031	-0.075	0.219	-0.084	-0.159	0.017	0.068	0.393
P	0.871	0.135	0.181	-0.043	0.259	-0.053	0.020	0.086	0.187	0.177
Q	-0.064	-0.060	0.229	-0.106	0.350	-0.060	0.405	-0.049	0.053	0.242
R	-0.412	-0.291	0.081	0.324	-0.134	0.203	-0.146	-0.035	-0.148	0.570
S	-0.081	-0.971	-0.010	-0.032	-0.160	-0.062	0.030	-0.216	-0.184	0.306
T	0.122	-0.633	-0.054	-0.084	-0.109	-0.070	-0.006	-0.103	-0.101	0.273
V	0.052	0.105	-0.030	-0.042	-0.079	-0.081	0.026	0.045	-0.086	-0.392
W	-0.059	0.228	-0.348	-0.122	0.289	-0.116	-0.281	0.140	0.012	0.689
Y	-0.224	0.214	-0.622	0.075	-0.007	0.006	-0.010	0.093	0.013	0.314
Intercept	4.83161
