NumCols:	11
A	-0.457	-0.337	0.453	0.114	-0.063	0.891	0.088	0.269	-0.000	0.106	-0.903
C	0.457	0.269	0.129	0.031	0.067	-0.361	-0.023	0.091	0.001	0.047	0.525
D	0.403	1.228	0.297	0.099	-0.053	0.054	-0.047	0.248	-0.000	-0.102	0.969
E	0.451	0.963	0.198	0.152	0.004	-0.073	0.010	0.265	-0.002	-0.022	1.070
F	0.076	-0.842	-0.422	-0.070	-0.078	-0.503	-0.085	-0.183	-0.006	0.161	-0.344
G	0.115	0.195	0.245	-0.072	-0.045	-0.045	0.041	0.079	0.001	-0.015	0.442
H	-0.280	0.626	0.026	-0.172	0.070	-0.640	-0.125	-0.177	0.002	-0.035	1.690
I	0.113	-0.427	-0.954	0.092	-0.004	0.185	0.254	-0.023	-0.001	0.354	-1.418
K	-0.470	0.583	0.156	0.150	0.148	-0.335	0.004	-0.066	0.011	0.197	0.314
L	-0.112	-0.042	-0.450	0.175	0.126	0.285	0.042	-0.204	-0.006	0.248	-1.421
M	-0.345	-0.651	-0.515	-0.077	0.032	0.132	-0.085	-0.201	-0.005	0.137	-1.820
N	-0.083	-0.167	0.072	-0.055	-0.034	-0.027	-0.075	0.001	-0.003	-0.171	0.533
P	0.608	1.285	0.769	0.029	-0.072	-0.012	0.067	0.205	0.008	-0.276	0.691
Q	0.020	0.026	0.106	-0.043	0.051	0.179	0.009	-0.034	-0.001	-0.252	0.365
R	-0.030	0.810	0.314	-0.028	0.215	0.405	-0.058	-0.109	0.018	0.063	-0.831
S	-0.550	-0.450	0.338	-0.184	-0.102	-0.058	0.062	0.117	-0.001	-0.181	-0.090
T	-0.330	-0.138	0.222	-0.089	-0.092	0.306	0.086	-0.034	-0.004	-0.161	0.225
V	-0.139	-0.480	-0.245	0.097	-0.044	0.694	0.152	-0.027	-0.004	0.175	-1.424
W	0.380	-1.341	-0.293	-0.137	-0.084	-0.619	-0.138	-0.140	-0.001	-0.086	0.138
Y	0.171	-1.108	-0.445	-0.014	-0.042	-0.456	-0.179	-0.076	-0.006	-0.189	1.289
Intercept	5.222
