NumCols:	10
A	-0.304	-0.470	0.031	-0.003	-0.361	-0.001	-0.006	0.032	0.042	0.575
C	0.049	0.025	-0.033	-0.001	-0.033	0.001	-0.000	-0.021	0.003	0.265
D	0.404	0.096	0.013	-0.002	0.220	0.007	0.007	-0.003	0.017	0.108
E	0.273	-0.043	0.014	-0.002	0.155	0.006	0.004	0.000	0.018	0.243
F	-0.160	0.180	-0.109	-0.000	-0.423	0.002	-0.001	-0.161	-0.040	0.014
G	-0.178	-0.101	-0.002	-0.000	-0.034	0.007	-0.001	0.032	0.010	0.072
H	0.073	0.082	0.008	0.005	-0.135	-0.005	0.004	-0.022	-0.009	-0.487
I	0.120	0.139	-0.029	-0.002	-0.183	0.002	-0.007	-0.043	-0.023	0.188
K	-0.038	0.531	0.050	0.007	-0.037	-0.006	0.000	0.065	-0.002	-0.877
L	-0.206	0.085	-0.029	-0.000	0.078	0.004	-0.004	-0.016	-0.030	0.150
M	-0.112	0.151	-0.040	0.001	-0.091	-0.001	-0.003	-0.008	-0.020	-0.131
N	0.296	0.126	-0.007	0.000	0.269	0.006	0.003	0.018	0.002	-0.113
P	0.739	0.285	0.044	-0.006	0.390	0.016	0.003	0.032	0.026	0.353
Q	-0.092	-0.114	0.045	-0.001	0.298	-0.004	0.001	0.088	0.013	0.122
R	-0.031	0.591	0.065	0.008	-0.085	-0.012	0.004	0.081	0.003	-0.284
S	-0.392	-1.131	0.048	0.000	-0.030	-0.015	-0.002	0.086	0.029	-0.001
T	-0.301	-0.605	0.042	-0.001	0.126	-0.010	-0.002	0.022	0.025	0.098
V	0.012	0.104	-0.003	-0.002	0.027	-0.001	-0.006	-0.027	-0.006	0.231
W	0.096	0.238	-0.043	-0.001	0.009	0.002	0.002	-0.080	-0.023	-0.129
Y	-0.250	-0.170	-0.065	0.002	-0.160	0.002	0.004	-0.077	-0.035	-0.400
Intercept	4.12282
