NumCols:	9
A	0.010	0.119	-0.093	-0.214	-0.014	-0.333	0.138	-0.065	-0.217
C	-0.060	-0.239	0.192	-0.011	0.017	-0.069	-0.045	0.091	0.152
D	-0.013	-1.893	-0.483	-0.097	-0.007	-0.039	-0.083	0.088	0.325
E	0.055	-0.694	-0.363	-0.123	-0.097	-0.092	-0.076	0.044	0.258
F	-0.120	0.166	0.026	0.118	-0.341	-0.083	-0.280	-0.013	-0.126
G	0.021	0.088	0.347	0.050	-0.008	-0.031	-0.050	0.076	0.283
H	-0.040	0.485	0.091	-0.016	0.101	0.219	0.034	0.089	0.805
I	-0.037	0.001	-0.144	-0.123	-0.009	-0.117	0.017	-0.185	-1.838
K	-0.001	0.485	0.891	0.071	0.386	0.254	0.209	0.022	0.510
L	0.070	0.140	-0.432	-0.133	0.190	-0.100	-0.181	-0.154	-0.693
M	-0.027	0.110	-0.469	0.016	0.099	0.019	-0.094	-0.097	-0.424
N	0.036	-0.096	-0.350	0.128	0.152	0.084	-0.143	0.068	0.383
P	0.073	-0.175	0.834	-0.059	-0.059	-0.005	0.189	0.078	0.482
Q	0.114	0.141	-0.034	0.052	0.056	-0.008	0.162	0.024	0.369
R	-0.035	0.693	0.174	0.109	0.483	0.356	0.502	0.080	0.935
S	0.004	0.307	-0.035	0.039	-0.211	0.011	0.147	-0.062	0.155
T	0.034	0.123	-0.177	-0.012	-0.245	-0.084	0.112	-0.097	-0.270
V	0.061	0.019	0.078	-0.080	0.080	-0.176	0.028	-0.130	-1.310
W	-0.068	-0.164	-0.152	0.140	-0.222	0.099	-0.231	0.093	0.069
Y	-0.077	0.385	0.099	0.145	-0.351	0.096	-0.358	0.052	0.150
Intercept	5.63313
