NumCols:	10
A	-0.151	0.928	0.094	-0.031	0.022	-0.047	0.175	0.269	-0.348	-0.013
C	0.195	-0.223	-0.048	0.025	0.004	-0.017	0.044	-0.080	0.086	0.058
D	0.611	0.070	-0.033	0.003	0.011	-0.037	-0.009	-0.123	0.494	-0.019
E	0.402	0.076	-0.041	0.041	0.008	0.022	0.047	-0.063	0.110	-0.119
F	0.110	-0.617	-0.409	0.134	-0.012	-0.014	-0.127	-0.141	-0.702	0.132
G	0.127	0.323	0.059	-0.073	-0.000	0.047	0.015	0.274	0.434	0.060
H	-0.215	-0.056	0.088	-0.093	0.002	-0.007	-0.051	0.084	-0.698	0.312
I	0.311	-0.943	-0.090	0.171	-0.012	0.064	-0.069	0.053	0.610	-0.330
K	-0.878	0.089	0.243	-0.099	0.007	0.018	-0.007	0.631	0.669	0.394
L	0.096	-0.279	-0.222	0.117	-0.019	0.044	-0.026	-0.052	-0.035	-0.494
M	-0.341	-0.545	-0.212	0.066	-0.012	0.033	-0.085	-0.039	0.074	-0.198
N	0.190	-0.035	0.013	0.014	-0.009	-0.007	-0.009	-0.181	-0.349	-0.034
P	0.838	0.503	0.208	-0.134	-0.005	-0.110	0.135	-0.346	-0.220	-0.073
Q	-0.152	0.261	0.118	-0.031	0.002	0.031	0.044	-0.049	0.256	-0.102
R	-0.856	0.146	0.305	-0.119	0.020	-0.002	-0.009	0.463	0.292	0.759
S	-0.659	0.670	0.280	-0.098	0.013	0.042	0.038	0.191	0.028	0.050
T	-0.075	0.872	0.261	-0.054	0.008	0.005	0.059	0.021	0.173	-0.156
V	0.272	0.370	0.033	0.079	-0.005	0.014	0.010	-0.030	0.224	-0.501
W	0.328	-1.003	-0.239	0.038	-0.016	-0.035	-0.126	-0.363	-0.235	0.069
Y	-0.153	-0.606	-0.409	0.041	-0.008	-0.043	-0.050	-0.520	-0.864	0.205
Intercept	3.88241
