NumCols:	10
A	0.050	-0.308	0.011	-0.036	-0.068	0.002	-0.001	0.265	-0.120	0.253
C	0.210	-0.004	-0.003	0.003	-0.030	-0.001	-0.000	-0.143	0.121	-0.078
D	1.068	-0.167	0.008	0.024	0.064	-0.000	0.002	-0.092	0.394	-0.020
E	0.262	-0.034	0.007	0.017	0.433	0.000	0.001	-0.076	-0.126	-0.335
F	-0.563	0.352	-0.020	0.005	-0.491	0.001	-0.004	0.319	0.166	-1.046
G	0.978	-0.039	0.002	-0.015	-0.429	-0.003	-0.001	-0.186	0.049	0.032
H	-0.194	0.205	-0.007	0.022	-0.086	-0.002	0.002	-0.203	0.253	0.430
I	-0.295	0.050	-0.009	-0.019	-0.374	0.004	-0.008	0.649	-0.446	-0.157
K	-0.118	0.097	-0.008	0.004	-0.148	-0.001	0.005	-0.067	0.687	0.754
L	-0.568	0.282	-0.004	0.004	0.181	0.002	-0.008	0.211	-0.027	-1.314
M	-0.837	0.431	-0.008	0.006	0.005	0.001	-0.004	0.218	-0.013	-0.785
N	0.568	0.054	0.003	0.014	-0.006	-0.002	0.002	-0.031	-0.020	-0.144
P	0.752	-1.151	0.010	-0.005	0.222	0.000	0.004	0.122	-0.391	0.334
Q	0.053	-0.140	0.010	0.011	0.625	-0.002	0.005	-0.331	-0.011	-0.097
R	-0.468	0.059	-0.013	0.006	0.042	-0.001	0.008	-0.177	0.316	1.147
S	-0.516	-0.024	0.015	-0.012	0.023	-0.001	0.002	0.033	-0.368	0.458
T	-0.057	-0.183	0.017	-0.017	0.259	0.000	0.000	-0.383	-0.098	0.371
V	-0.107	-0.069	0.008	-0.036	-0.207	0.004	-0.006	0.143	-0.295	0.110
W	-0.180	0.187	-0.009	0.012	0.039	-0.001	-0.000	-0.164	0.114	-0.007
Y	-0.039	0.406	-0.007	0.012	-0.055	-0.000	0.002	-0.108	-0.184	0.093
Intercept	3.593
