NumCols:	9
A	0.116	0.570	-0.133	-0.086	-0.206	-0.207	0.303	-0.148	0.583
C	-0.740	-0.069	-0.228	-0.206	-0.153	-0.029	-0.220	0.046	0.153
D	0.463	0.098	0.101	0.108	0.053	0.032	0.028	-0.024	0.137
E	0.517	0.001	0.091	0.318	0.165	-0.057	-0.037	0.086	0.231
F	0.166	-0.883	-0.486	-0.297	-0.001	0.134	-0.723	0.069	0.003
G	-0.196	0.062	-0.243	-0.197	-0.060	-0.056	0.191	0.170	0.073
H	-0.649	-0.066	0.251	-0.071	-0.169	-0.029	-0.031	-0.083	-0.650
I	0.374	-0.317	-0.305	-0.248	0.345	0.342	-0.115	0.247	0.721
K	-0.642	0.112	0.112	0.055	0.068	0.036	0.168	-0.052	-1.057
L	0.233	-0.399	0.190	0.203	0.167	0.043	-0.159	-0.284	0.311
M	-0.007	-0.092	-0.266	0.031	0.136	0.236	-0.184	0.004	0.168
N	0.225	-0.016	0.062	0.006	-0.311	0.004	-0.092	0.060	-0.059
P	0.480	0.403	0.299	0.052	-0.027	-0.227	0.400	0.118	0.199
Q	0.165	0.052	0.373	0.323	0.172	-0.093	0.305	0.079	-0.088
R	-0.265	0.168	-0.070	0.258	0.018	-0.027	0.490	-0.340	-1.563
S	-0.076	0.407	0.216	0.038	0.032	-0.026	0.248	0.043	-0.045
T	0.148	0.306	0.214	-0.005	-0.046	-0.067	0.234	0.013	0.259
V	0.281	0.162	0.172	-0.078	0.079	0.003	0.145	0.147	0.682
W	-0.756	-0.282	-0.106	-0.234	-0.108	0.026	-0.454	0.138	0.029
Y	0.161	-0.215	-0.244	0.030	-0.154	-0.038	-0.495	-0.288	-0.087
Intercept	4.55995
