NumCols:	10
A	-0.127	0.346	0.060	0.014	0.025	-0.024	-0.005	-0.138	0.081	0.493
C	0.057	-1.259	-0.081	-0.036	-0.013	-0.027	-0.015	-0.037	0.004	0.234
D	0.245	0.660	-0.019	-0.045	-0.014	0.009	0.071	0.244	0.021	0.117
E	0.188	0.225	-0.028	-0.047	-0.011	0.013	0.032	0.096	-0.007	0.296
F	-0.224	-0.734	-0.188	-0.045	-0.026	-0.041	-0.082	-0.231	0.002	0.284
G	0.228	-0.082	-0.018	0.008	0.002	0.022	-0.010	-0.094	0.061	0.036
H	-0.033	0.306	0.098	0.005	0.007	0.010	0.029	0.346	-0.057	-0.681
I	-0.244	0.201	-0.099	0.020	-0.001	-0.056	-0.095	-0.615	0.105	1.098
K	-0.500	0.774	0.149	0.062	0.046	0.027	0.066	0.652	-0.053	-1.349
L	-0.142	-0.542	-0.042	0.056	-0.008	0.015	-0.131	-0.421	-0.028	0.532
M	-0.197	-0.374	-0.039	0.054	-0.004	-0.015	-0.115	-0.111	0.016	0.318
N	0.262	0.255	-0.020	0.030	-0.013	0.019	0.003	-0.086	-0.034	-0.128
P	0.447	0.260	-0.044	-0.059	0.017	0.020	-0.006	-0.141	-0.071	0.069
Q	0.283	0.261	0.066	0.009	-0.006	0.046	0.058	0.131	-0.056	-0.081
R	-0.517	-0.377	0.206	0.013	0.058	0.025	0.143	1.025	-0.114	-1.435
S	0.152	0.428	0.152	0.052	0.008	0.021	0.028	0.148	0.042	-0.275
T	0.123	0.952	0.134	0.023	-0.007	0.010	0.052	-0.221	0.055	-0.045
V	-0.156	0.458	0.011	0.023	-0.007	-0.031	-0.044	-0.291	0.067	0.297
W	0.083	-1.075	-0.180	-0.066	-0.042	-0.051	0.015	-0.108	-0.016	0.083
Y	0.073	-0.681	-0.118	-0.071	-0.009	0.008	0.009	-0.148	-0.017	0.136
Intercept	4.07875
