NumCols:	11
A	-0.543	0.222	0.173	-0.519	0.017	0.073	0.146	0.057	-0.392	0.082	0.077
C	-0.180	0.039	-0.061	0.103	-0.006	-0.023	-0.007	-0.003	-0.023	0.062	0.098
D	0.323	-0.020	0.269	0.051	0.003	0.024	0.054	-0.006	0.113	0.084	0.061
E	-0.180	0.009	0.086	-0.095	0.029	0.033	0.075	0.000	0.060	-0.056	0.016
F	-0.984	0.111	-0.484	0.480	-0.217	-0.223	-0.160	0.012	-0.065	-0.250	0.514
G	0.143	-0.018	0.108	-0.027	0.025	-0.012	0.067	0.008	-0.212	0.105	0.096
H	0.035	-0.092	-0.069	0.382	-0.088	0.013	-0.103	-0.035	0.334	0.066	0.250
I	-0.039	0.114	-0.351	-0.316	-0.014	-0.113	-0.262	0.031	-0.236	-0.213	-0.974
K	0.206	-0.026	0.162	-0.410	0.050	0.146	-0.041	-0.016	0.037	-0.084	-0.055
L	-0.294	0.062	-0.088	-0.293	0.033	-0.055	-0.136	-0.003	-0.238	-0.431	-0.387
M	-0.437	-0.003	-0.128	0.156	0.004	-0.068	-0.133	-0.010	-0.203	-0.171	-0.289
N	0.512	-0.109	0.199	0.439	0.065	-0.008	0.093	-0.030	0.019	0.213	0.090
P	1.113	0.043	0.200	-0.592	-0.016	0.194	0.205	0.035	-0.032	0.258	-0.023
Q	0.506	-0.123	0.164	-0.259	0.063	0.093	0.171	-0.014	-0.024	0.142	-0.123
R	-0.208	-0.058	0.112	0.009	0.002	0.175	-0.031	0.001	0.397	-0.015	0.180
S	0.682	-0.222	0.062	0.310	0.061	-0.005	0.103	-0.011	0.040	0.177	0.039
T	0.759	-0.094	0.113	0.040	0.062	-0.035	0.121	-0.003	0.195	0.119	0.044
V	0.007	0.115	0.044	-0.257	0.031	-0.028	0.022	0.022	-0.102	-0.119	-0.149
W	-0.539	-0.032	-0.192	0.419	-0.042	-0.099	-0.085	-0.030	0.198	0.079	0.133
Y	-0.882	0.081	-0.318	0.378	-0.061	-0.081	-0.101	-0.007	0.135	-0.048	0.402
Intercept	3.41883
