NumCols:	9
A	-0.004	-0.667	-0.048	-0.071	0.019	0.032	0.850	0.183	0.048
C	0.025	-0.381	0.026	0.050	-0.002	-0.025	-0.072	-0.138	-0.079
D	0.018	-0.094	0.027	0.164	0.001	-0.012	0.043	-0.233	0.034
E	0.039	0.362	0.015	0.077	0.006	-0.005	0.109	0.107	0.154
F	0.060	-0.020	0.031	0.111	0.003	-0.025	-0.550	0.254	-0.095
G	-0.002	-0.175	0.003	-0.012	0.006	-0.019	0.166	-0.078	-0.023
H	-0.061	-0.191	0.018	-0.135	-0.025	0.007	-0.199	-0.124	-0.042
I	0.079	-0.372	-0.022	0.159	0.028	0.010	0.048	0.123	-0.147
K	-0.196	-0.570	-0.069	-0.294	-0.009	0.064	0.259	0.068	0.006
L	0.059	1.306	-0.030	0.058	0.006	0.062	-0.188	0.787	0.237
M	0.019	0.911	-0.028	-0.045	0.001	0.015	-0.470	0.380	-0.134
N	0.007	-0.522	0.052	0.026	-0.015	-0.064	-0.229	-0.464	-0.003
P	0.003	-0.258	-0.000	0.148	0.018	0.029	0.639	-0.398	0.114
Q	0.007	1.121	-0.010	-0.056	-0.005	0.005	0.042	0.225	0.104
R	-0.162	-0.968	-0.107	-0.404	-0.017	0.071	0.185	0.007	-0.059
S	-0.016	-0.132	-0.010	-0.109	-0.005	0.010	0.185	-0.296	-0.013
T	0.012	0.415	0.013	0.022	-0.002	0.008	0.166	-0.316	0.077
V	0.047	0.022	0.005	0.110	0.017	-0.004	0.257	0.001	0.152
W	0.039	-0.161	0.071	0.104	-0.019	-0.069	-0.743	-0.208	-0.268
Y	0.028	0.375	0.063	0.096	-0.007	-0.092	-0.497	0.119	-0.063
Intercept	3.40356
