NumCols:	9
A	-0.277	0.000	-0.150	-0.011	-0.156	0.000	0.003	0.077	0.000
C	0.000	0.000	0.000	0.000	0.000	0.000	0.000	-0.207	0.000
D	-0.464	0.000	0.158	-0.146	0.111	0.000	0.000	-0.091	0.000
E	-0.152	0.000	0.000	-0.253	-0.070	-0.000	0.051	-0.301	0.000
F	0.495	0.000	-0.091	0.063	-0.242	0.001	-0.006	0.099	0.000
G	-0.052	0.000	0.043	-0.154	0.242	-0.001	-0.009	0.000	0.000
H	0.139	0.000	0.186	0.000	0.035	-0.000	-0.016	0.306	0.000
I	0.114	-0.002	0.231	0.034	0.406	-0.001	-0.024	0.467	-0.040
K	0.000	0.000	0.154	0.162	0.145	0.001	-0.027	-0.150	0.000
L	0.261	-0.005	-0.120	0.287	-0.083	0.000	0.044	0.000	0.040
M	0.049	-0.002	-0.061	0.147	0.000	-0.000	0.101	0.217	0.000
N	-0.258	0.000	-0.098	-0.046	-0.003	-0.000	0.005	0.057	0.000
P	0.000	0.000	0.047	-0.291	-0.101	-0.000	-0.067	0.043	0.000
Q	0.000	0.002	-0.085	0.016	-0.312	-0.000	-0.015	-0.066	0.000
R	0.460	0.000	0.115	-0.053	0.694	0.000	0.019	0.337	0.000
S	-0.064	0.000	-0.038	0.168	-0.126	-0.000	-0.027	-0.322	0.000
T	-0.135	0.000	-0.177	0.028	-0.045	0.000	-0.031	-0.250	0.000
V	-0.089	0.007	0.049	0.051	-0.057	-0.000	0.001	-0.071	0.000
W	-0.221	0.000	-0.013	-0.001	-0.161	-0.000	-0.022	-0.099	0.000
Y	0.194	0.000	-0.149	0.000	-0.277	0.000	0.021	-0.047	0.000
Intercept	1.13745
