NumCols:	9
A	-0.333	0.183	0.156	-0.000	0.109	-0.000	-0.091	-0.022	0.000
C	0.000	0.000	0.000	-0.000	-0.084	-0.000	-0.001	-0.038	0.000
D	0.155	0.672	-0.069	0.000	-0.057	-0.000	-0.061	-0.194	0.000
E	-0.624	-1.090	0.000	-0.000	-0.115	0.000	-0.003	0.125	0.000
F	0.273	-0.226	-0.320	0.000	-0.014	-0.000	-0.096	-0.047	0.168
G	-0.717	0.000	0.210	-0.000	0.201	-0.000	-0.071	-0.028	0.000
H	0.306	0.000	0.045	0.000	-0.219	-0.000	-0.036	0.011	0.000
I	-0.221	0.510	-0.109	-0.000	0.053	-0.001	-0.033	0.134	-0.063
K	0.499	0.156	0.070	0.000	-0.187	-0.000	0.073	0.094	0.000
L	-0.010	-0.027	0.460	0.000	0.074	0.001	0.065	-0.001	-0.327
M	-0.098	-0.535	-0.261	0.000	-0.030	0.000	0.010	-0.085	-0.037
N	0.000	0.000	0.370	0.000	0.071	-0.000	-0.066	0.085	0.000
P	0.000	0.000	0.000	0.000	-0.219	-0.000	0.086	-0.015	0.000
Q	0.110	-0.791	-0.074	-0.000	-0.164	0.001	0.066	0.047	0.000
R	0.004	0.391	-0.223	-0.000	-0.071	0.000	0.083	0.011	0.000
S	-0.527	0.000	0.194	0.000	-0.021	-0.001	0.054	0.029	0.000
T	0.175	0.538	0.000	0.000	0.267	0.001	-0.033	-0.119	0.000
V	0.241	0.480	0.072	-0.000	0.053	0.001	0.057	-0.039	0.260
W	0.501	0.000	-0.119	-0.000	0.165	0.000	-0.039	0.048	0.000
Y	0.267	-0.260	-0.402	0.000	0.187	-0.000	0.036	0.004	0.000
Intercept	4.30634
