NumCols:	9
A	-0.000	-0.166	-0.292	0.000	-0.093	-0.126	-0.043	-0.016	0.000
C	0.000	-0.068	0.047	0.001	0.087	0.000	-0.005	0.006	0.000
D	0.000	0.000	0.000	-0.000	0.000	0.019	0.040	0.005	0.000
E	0.000	0.083	0.000	-0.000	0.032	-0.043	-0.058	0.007	0.000
F	0.000	0.030	0.053	0.000	-0.048	0.122	-0.063	0.009	0.051
G	-0.000	-0.147	0.000	-0.002	-0.037	0.188	-0.009	-0.003	0.000
H	0.000	-0.093	0.028	-0.000	0.084	0.120	0.057	-0.001	0.000
I	-0.000	0.090	0.027	0.000	-0.181	0.060	-0.098	-0.001	0.001
K	-0.000	0.079	0.044	0.001	0.075	0.104	0.028	-0.001	0.000
L	0.000	0.122	0.057	-0.000	-0.113	-0.161	0.047	0.011	-0.033
M	0.000	0.107	0.021	-0.000	-0.228	0.047	0.085	0.002	0.009
N	0.000	-0.170	0.013	0.000	0.153	0.106	0.052	0.012	0.000
P	0.000	0.107	-0.161	0.000	-0.010	-0.108	0.023	-0.017	0.000
Q	0.000	-0.102	0.002	0.000	0.027	0.029	0.052	0.004	0.000
R	0.000	0.063	0.070	0.001	0.080	0.098	-0.006	0.000	0.000
S	-0.000	-0.009	0.000	-0.000	0.038	0.018	0.061	-0.001	0.000
T	0.000	-0.112	-0.001	0.000	0.017	-0.085	0.033	-0.010	0.000
V	-0.000	0.117	0.022	0.000	0.045	-0.617	-0.147	0.000	-0.028
W	0.000	0.000	-0.028	-0.001	0.065	0.032	-0.104	0.003	0.000
Y	-0.000	0.068	0.100	0.000	0.006	0.197	0.053	-0.007	0.000
Intercept	4.1688
