NumCols:	9
A	0.001	-0.146	-0.134	-0.002	0.077	0.063	-0.000	-0.019	0.000
C	0.000	0.000	0.000	0.001	0.000	-0.065	0.000	0.001	0.000
D	0.000	0.000	0.002	-0.000	0.000	-0.021	0.000	0.001	0.000
E	0.000	0.000	0.029	-0.002	0.099	0.030	0.000	0.001	0.000
F	-0.001	0.456	0.008	0.000	-0.082	-0.007	0.000	0.014	0.040
G	-0.000	-0.024	0.005	0.001	0.217	0.042	-0.000	0.011	0.000
H	0.000	-0.302	0.075	0.000	0.073	0.012	0.000	0.013	0.000
I	-0.001	0.063	0.090	-0.000	0.051	0.029	-0.000	0.001	0.068
K	-0.000	0.000	0.053	0.002	-0.268	0.030	-0.000	-0.001	0.000
L	0.002	-0.024	0.065	0.004	-0.609	0.005	0.000	-0.005	-0.111
M	0.000	-0.023	-0.126	0.001	-0.141	-0.005	0.000	0.001	0.011
N	0.000	-0.374	-0.049	0.004	0.144	-0.025	0.000	0.000	0.000
P	0.000	0.201	0.028	-0.001	0.185	-0.019	0.000	-0.035	0.000
Q	0.000	-0.078	-0.061	0.000	0.062	-0.031	-0.000	-0.008	0.000
R	0.001	0.000	-0.081	-0.005	-0.034	-0.027	-0.000	-0.004	0.000
S	-0.001	-0.085	0.000	0.001	0.330	0.013	-0.000	0.032	0.000
T	0.001	-0.098	0.000	-0.000	0.116	0.033	-0.000	-0.003	0.000
V	0.001	0.064	0.089	-0.000	0.036	-0.038	-0.000	0.016	-0.011
W	0.000	0.000	0.000	-0.003	0.028	-0.019	-0.000	-0.012	0.000
Y	-0.003	0.370	0.008	0.000	-0.283	0.000	-0.000	-0.002	0.004
Intercept	3.73479
