NumCols:	11
A	0.642	0.000	-0.021	-0.028	-0.000	-0.000	-0.215	-0.000	0.000	0.011	0.000
C	0.764	0.000	0.048	0.226	0.000	0.000	0.015	-0.000	0.000	-0.001	0.000
D	0.067	0.000	0.000	0.313	0.000	0.000	0.012	0.000	0.000	-0.004	0.000
E	-0.441	-0.000	-0.063	-0.483	-0.000	0.000	0.098	0.000	0.000	0.003	0.000
F	-0.231	0.000	0.093	-0.504	0.000	-0.000	0.004	0.000	-0.000	0.000	-0.095
G	0.353	0.000	-0.008	0.784	-0.000	-0.000	0.097	-0.000	-0.000	-0.004	0.000
H	0.182	0.000	0.000	0.000	-0.001	0.000	0.000	0.000	0.000	0.000	0.000
I	-0.595	0.000	-0.036	-0.154	-0.000	0.000	-0.036	-0.000	0.000	-0.000	-0.809
K	-0.199	0.000	0.096	0.172	0.001	0.000	0.178	0.000	-0.000	0.004	0.000
L	-0.681	0.000	0.041	0.035	-0.000	0.000	-0.365	-0.000	-0.000	0.001	0.214
M	0.000	0.000	-0.043	-0.405	0.000	0.000	0.000	0.000	0.000	0.000	0.142
N	0.000	0.000	0.003	0.116	0.000	0.000	0.069	-0.000	0.000	-0.003	0.000
P	0.000	0.000	0.100	0.171	0.000	-0.000	0.030	-0.000	0.000	0.002	0.000
Q	-0.170	0.000	0.067	-0.227	-0.000	-0.000	0.087	0.000	-0.000	-0.004	0.000
R	0.827	0.000	-0.048	-0.290	0.001	0.000	0.000	-0.000	-0.000	0.000	0.000
S	0.042	0.000	-0.001	0.138	-0.000	-0.000	0.000	-0.000	-0.000	-0.000	0.000
T	0.068	0.000	-0.160	0.000	0.000	-0.000	-0.204	0.000	0.000	-0.004	0.000
V	-0.093	0.000	0.095	0.897	0.000	0.000	-0.002	0.000	0.000	-0.001	-0.072
W	-0.168	0.000	-0.076	-0.235	0.000	0.000	0.091	0.000	-0.000	0.003	0.243
Y	-0.370	0.000	-0.089	-0.527	-0.000	-0.000	0.141	-0.000	0.000	-0.003	0.377
Intercept	2.89974
