NumCols:	9
A	-0.229	0.208	-0.299	-0.313	-0.202	-0.076	0.241	-0.246	0.475
C	-0.354	-0.025	-0.019	0.010	0.168	-0.176	0.204	0.203	0.020
D	0.540	0.312	0.489	0.197	0.297	0.039	0.018	0.074	0.224
E	0.532	0.069	0.127	0.170	0.335	0.016	0.088	0.082	0.087
F	-0.123	-0.341	-0.205	0.003	0.274	0.137	0.086	0.042	0.243
G	0.106	0.025	0.234	0.097	-0.266	0.052	-0.179	0.133	0.320
H	0.068	-0.006	-0.061	0.201	0.325	-0.027	-0.241	-0.173	-0.375
I	-0.056	0.001	-0.522	0.167	0.104	0.019	0.228	0.006	-1.136
K	-0.543	0.262	0.219	-0.266	0.613	-0.104	0.257	0.272	0.063
L	0.026	0.201	-0.004	0.205	-0.301	0.026	0.128	0.148	-0.671
M	0.476	0.183	-0.329	0.032	-0.735	-0.078	0.026	-0.002	-0.465
N	-0.156	-0.095	-0.086	-0.010	0.054	-0.055	-0.189	0.049	0.161
P	0.412	0.087	0.476	-0.080	0.057	0.071	0.361	0.043	0.142
Q	0.022	0.084	-0.361	-0.152	-0.216	0.084	-0.446	-0.150	0.000
R	0.201	0.007	0.299	-0.025	-0.133	-0.078	-0.011	0.054	0.193
S	-0.520	0.031	0.044	-0.138	-0.444	-0.044	-0.609	-0.236	-0.111
T	0.054	0.283	-0.219	-0.064	-0.331	0.157	-0.416	-0.203	0.100
V	0.159	0.040	0.164	-0.065	-0.527	0.041	0.128	0.017	-0.257
W	-0.079	0.004	0.187	0.016	0.283	0.012	-0.136	0.018	0.150
Y	-0.536	-1.329	-0.134	0.013	0.647	-0.014	0.462	-0.132	0.839
Intercept	4.73426
