NumCols:	11
A	-0.056	-0.035	-0.036	-0.000	-0.009	-0.007	-0.001	0.000	-0.037	-0.000	-0.051
C	-0.034	-0.012	0.069	0.001	0.002	-0.078	0.000	0.000	-0.017	0.000	0.019
D	0.068	0.037	0.029	0.001	0.002	0.207	-0.002	0.000	0.027	0.000	-0.004
E	0.021	-0.023	-0.037	0.001	0.003	0.084	0.000	-0.000	0.019	-0.000	0.004
F	0.007	0.002	-0.120	-0.002	-0.021	-0.336	-0.004	-0.000	-0.106	-0.000	-0.020
G	0.002	0.002	0.012	-0.000	0.002	-0.019	0.003	0.000	-0.059	-0.000	0.020
H	0.026	-0.000	-0.010	-0.000	-0.001	0.059	0.001	-0.000	0.038	-0.000	0.042
I	0.026	-0.013	0.020	0.000	0.001	0.112	0.001	0.000	-0.035	0.000	0.012
K	-0.111	0.007	0.036	-0.000	-0.011	0.012	-0.001	-0.000	-0.027	0.000	0.087
L	0.143	0.038	-0.006	0.001	0.004	-0.037	-0.001	0.000	0.016	-0.000	-0.112
M	-0.071	-0.012	0.004	0.000	-0.001	0.118	0.000	-0.000	0.056	0.000	-0.056
N	-0.063	-0.031	-0.015	-0.003	0.008	-0.150	0.001	0.000	0.016	0.000	0.014
P	-0.013	-0.015	0.125	0.001	0.007	0.195	0.002	0.000	0.041	0.000	0.025
Q	0.045	0.026	0.008	0.001	0.004	-0.146	-0.001	-0.000	0.057	0.000	0.033
R	0.009	0.025	0.041	0.001	0.007	-0.027	-0.000	0.000	-0.014	-0.000	-0.009
S	-0.015	0.000	0.015	0.002	0.012	-0.112	0.001	-0.000	-0.012	0.000	-0.026
T	-0.003	0.017	-0.003	0.000	0.001	0.056	0.001	0.000	-0.026	0.000	0.025
V	-0.041	0.020	0.058	0.000	0.004	-0.015	-0.001	-0.000	-0.022	0.000	-0.081
W	-0.019	-0.021	-0.060	-0.001	-0.005	0.000	0.000	0.000	0.000	0.000	0.000
Y	0.080	-0.011	-0.129	-0.001	-0.007	0.085	-0.000	-0.000	0.085	-0.000	0.077
Intercept	3.98012
