NumCols:	10
A	0.071	0.132	-0.094	-0.166	-0.249	-0.195	-0.176	-0.085	-0.267	0.517
C	-0.169	0.000	-0.064	0.065	0.272	0.165	0.066	0.010	0.016	0.000
D	0.051	0.165	0.242	0.059	0.337	0.512	0.106	-0.030	0.164	0.000
E	-0.023	0.030	-0.024	0.086	-0.065	-0.115	0.092	0.000	0.085	0.000
F	0.053	0.239	-0.160	-0.072	-0.470	0.312	-0.599	-0.069	-0.254	-0.331
G	0.197	-0.482	-0.052	-0.059	-0.095	0.073	0.000	0.114	0.019	0.000
H	0.056	0.000	0.102	0.089	0.209	0.035	-0.089	0.011	0.048	0.000
I	-0.045	0.078	0.029	-0.027	-0.258	0.015	-0.253	0.003	-0.028	-0.647
K	-0.015	0.500	0.234	-0.108	-0.060	-0.337	0.065	0.088	0.067	-0.269
L	0.081	-0.215	0.176	0.049	0.337	-0.323	0.096	-0.057	-0.219	-0.206
M	0.100	-0.107	-0.238	-0.038	0.034	0.023	0.036	-0.008	0.017	0.261
N	0.032	0.000	0.210	0.096	0.159	0.242	0.225	-0.009	0.048	0.000
P	0.020	0.367	-0.666	-0.031	0.000	0.242	0.208	0.052	0.175	0.000
Q	0.209	-0.113	0.000	0.102	0.000	0.000	0.137	0.079	0.032	0.000
R	-0.405	0.000	0.316	0.000	-0.797	-0.274	0.523	0.221	0.087	0.039
S	-0.004	-0.050	0.117	0.216	-0.166	-0.157	-0.328	-0.007	0.166	0.000
T	-0.177	-0.189	0.032	-0.042	0.295	0.097	-0.051	0.002	-0.338	0.573
V	-0.042	-0.354	-0.080	0.113	0.630	0.220	0.143	-0.163	0.272	0.495
W	0.008	0.000	0.000	-0.110	-0.036	-0.395	0.000	-0.082	0.047	-0.438
Y	0.002	0.000	-0.079	-0.221	-0.078	-0.140	-0.201	-0.069	-0.137	0.005
Intercept	5.1664
