NumCols:	12
A	-0.000	0.746	0.001	0.129	1.172	0.261	-0.107	-0.000	1.179	-0.162	0.789	0.092
C	0.000	0.000	0.000	0.062	0.000	-0.366	0.000	0.000	0.000	0.000	0.000	0.000
D	0.000	0.000	0.000	0.051	0.000	0.992	0.000	0.000	0.000	0.000	0.000	0.000
E	0.000	-0.106	-0.000	0.393	1.170	1.182	-0.384	0.000	-0.231	0.097	-0.424	0.118
F	0.000	0.000	0.000	-0.163	0.000	0.079	0.000	0.000	0.000	0.000	0.000	-0.206
G	0.000	0.000	-0.000	-0.223	0.000	-0.190	0.000	-0.000	-0.171	0.000	-0.484	0.000
H	0.000	0.000	0.000	0.122	0.000	-0.302	0.000	0.000	0.000	0.000	0.000	0.000
I	0.000	0.000	0.000	-0.033	0.000	0.164	0.000	0.000	0.000	0.000	0.000	0.000
K	0.000	0.000	0.000	-0.063	0.000	-0.364	0.000	0.000	0.000	0.000	0.000	0.000
L	0.000	0.000	0.000	-0.261	-1.373	-0.248	0.000	0.000	0.000	0.000	0.000	-0.202
M	0.000	0.000	0.000	-0.167	0.000	-0.246	0.000	0.000	0.000	0.000	0.000	-0.206
N	0.000	0.000	0.000	-0.027	0.000	-0.301	0.000	0.000	0.000	0.000	0.000	0.000
P	0.000	-1.910	0.001	-0.113	0.000	0.163	0.000	-0.000	-0.354	0.000	-0.723	0.000
Q	0.000	0.000	-0.000	-0.283	0.000	-0.247	0.000	0.000	0.000	0.000	0.000	0.000
R	0.000	0.746	0.000	0.080	-0.956	0.094	-0.197	-0.000	0.786	0.045	0.594	0.272
S	0.000	0.000	0.000	0.673	0.000	-0.246	1.116	0.000	0.000	0.000	0.801	0.000
T	0.000	0.000	0.000	-0.087	0.000	-0.279	0.000	0.000	0.000	-0.112	0.000	0.000
V	0.000	0.000	0.000	-0.141	0.000	0.085	0.000	0.000	0.000	0.000	0.000	0.000
W	0.000	0.000	0.000	-0.183	0.000	-0.206	0.000	0.000	-0.573	0.000	0.000	0.000
Y	0.000	0.523	-0.001	0.235	-0.014	-0.026	-0.428	-0.000	-0.636	0.131	-0.553	0.131
Intercept	2.44169
