NumCols:	8
A	0.082	-0.089	0.160	0.043	0.148	-0.020	0.030	0.137
C	0.052	0.132	0.025	-0.050	-0.127	-0.014	0.048	0.020
D	-0.023	-0.004	-0.040	0.148	0.043	0.017	0.197	-0.014
E	0.049	-0.062	-0.009	0.149	-0.027	-0.017	0.119	0.088
F	-0.217	-0.041	-0.313	-0.137	-0.235	-0.005	-0.160	0.018
G	0.048	0.031	0.127	0.052	0.061	0.069	0.139	0.042
H	0.071	0.075	0.088	-0.031	-0.021	-0.029	-0.088	0.096
I	-0.171	-0.155	-0.103	0.015	0.025	-0.030	0.012	-0.167
K	0.041	0.108	0.121	0.122	0.070	-0.014	0.135	0.048
L	0.074	0.089	-0.062	0.019	-0.065	-0.030	0.033	-0.289
M	-0.009	-0.126	-0.007	0.006	-0.003	0.008	-0.064	-0.219
N	0.060	-0.020	-0.030	-0.308	-0.021	0.003	-0.042	-0.048
P	-0.018	0.067	0.082	-0.011	0.033	-0.011	-0.255	0.062
Q	0.004	0.051	-0.050	-0.073	-0.031	0.017	0.120	0.097
R	-0.030	0.132	0.110	0.027	0.108	0.075	0.143	0.118
S	-0.070	-0.169	0.145	-0.077	-0.004	-0.011	-0.013	0.066
T	0.063	0.073	0.099	0.018	0.163	0.004	-0.131	-0.051
V	-0.095	-0.103	-0.020	0.106	-0.034	-0.019	0.011	0.023
W	0.021	0.035	-0.091	0.025	0.020	0.008	0.052	-0.063
Y	0.067	-0.023	-0.232	-0.044	-0.103	-0.001	-0.286	0.036
Intercept	4.92035
