NumCols:	9
A	0.278	0.100	0.185	-0.196	-0.088	0.037	0.484	-0.024	0.121
C	0.178	-0.009	-0.262	-0.053	-0.117	0.004	0.109	0.009	-0.189
D	0.313	0.063	0.252	0.155	0.045	0.083	0.089	-0.117	0.238
E	0.143	0.000	0.795	0.058	-0.034	0.043	0.735	0.083	0.000
F	-0.134	0.083	-0.404	-0.055	-0.025	-0.134	-1.289	-0.386	-1.030
G	0.129	0.108	-0.039	0.058	0.033	-0.078	0.347	0.202	0.331
H	0.033	0.041	-0.835	0.164	-0.016	-0.042	-0.285	-0.127	0.308
I	-0.264	0.003	-0.273	-0.035	-0.167	-0.084	-0.375	-0.218	-0.551
K	0.021	0.207	-0.166	-0.048	0.046	0.012	-0.053	0.160	0.390
L	-0.138	0.182	-0.215	0.108	0.063	0.055	0.111	0.060	-0.878
M	-0.096	-0.075	-0.659	0.000	-0.082	0.058	0.502	0.191	-1.076
N	-0.085	-0.159	-0.513	-0.192	0.014	0.055	0.231	-0.354	0.227
P	0.058	-1.080	0.566	-0.147	0.076	-0.027	-0.587	0.294	0.137
Q	-0.116	0.156	-0.846	0.007	-0.003	-0.032	-0.075	0.020	0.329
R	-0.211	-0.034	1.331	0.034	0.206	-0.030	0.610	0.028	0.126
S	-0.166	0.194	0.505	-0.024	-0.055	0.078	0.117	0.029	0.000
T	0.097	0.219	0.698	0.009	0.079	0.071	0.156	0.103	-0.197
V	-0.021	-0.161	-0.030	0.058	0.031	-0.052	0.305	0.234	0.118
W	0.132	0.000	0.000	0.000	0.057	0.031	-0.168	0.081	1.267
Y	-0.152	0.165	-0.090	0.100	-0.062	-0.049	-0.965	-0.267	0.329
Intercept	4.71583
