NumCols:	8
A	-0.164	-0.243	0.214	-0.063	0.083	-0.499	-0.192	0.157
C	0.023	0.422	0.016	0.082	-0.023	-0.021	0.281	0.040
D	0.508	0.436	0.456	0.218	0.414	0.341	0.365	0.206
E	0.638	0.467	0.464	0.026	0.355	0.345	0.280	-0.112
F	-0.179	-0.284	-0.925	-0.077	-1.161	-0.146	-0.124	0.039
G	0.464	-0.178	0.422	0.322	0.435	-0.030	-0.069	-0.028
H	0.310	0.076	0.016	0.058	-0.484	-0.015	-0.183	0.908
I	-0.712	-0.432	-0.239	-0.045	0.338	-0.000	0.389	-0.360
K	-0.111	0.307	0.450	0.045	0.515	0.255	0.161	0.187
L	-0.036	0.184	-0.304	-0.127	-0.138	0.065	0.054	-1.172
M	-0.411	-0.173	-0.069	-0.007	-0.153	-0.150	-0.026	-0.569
N	0.366	-0.385	0.097	-0.026	0.272	0.064	-0.444	-0.109
P	0.806	0.170	0.066	0.153	0.263	0.012	-0.369	0.212
Q	0.098	0.017	0.075	-0.140	0.060	0.083	-0.058	0.433
R	-0.113	0.500	-0.055	-0.213	0.330	-0.060	-0.295	0.177
S	-0.437	-0.652	0.494	-0.040	0.118	-0.145	-0.054	-0.050
T	-0.265	-0.432	0.262	-0.072	0.250	-0.043	0.029	0.282
V	-0.740	-0.236	0.042	-0.081	-0.022	-0.038	0.180	-0.619
W	0.017	0.153	-0.428	-0.074	-0.380	0.137	0.278	-0.170
Y	-0.060	0.283	-1.055	0.061	-1.072	-0.154	-0.203	0.546
Intercept	4.86574
