NumCols:	8
A	-0.013	0.000	0.329	-0.001	-0.002	-0.162	0.153	-0.039
C	0.000	-0.044	0.028	0.000	0.000	0.000	0.000	-0.018
D	0.030	0.140	-0.005	0.000	0.065	0.000	0.003	0.040
E	-0.020	0.107	-0.138	0.004	0.009	-0.200	-0.034	0.000
F	0.000	-0.107	-0.422	0.002	0.009	-0.018	-0.037	-0.022
G	-0.029	0.066	0.569	-0.004	-0.038	0.147	0.076	0.000
H	0.002	0.135	-0.792	-0.003	0.000	0.000	0.022	0.000
I	0.000	0.117	0.274	0.002	0.037	0.048	-0.003	0.120
K	-0.049	0.133	0.006	0.003	-0.006	0.165	0.032	-0.008
L	0.029	0.000	-0.389	-0.001	0.020	-0.027	0.034	-0.106
M	0.000	0.000	-0.051	0.000	0.004	-0.030	0.000	-0.001
N	0.000	0.000	0.000	0.001	-0.025	0.117	-0.037	0.000
P	0.023	-0.147	0.107	-0.001	0.000	-0.055	-0.143	0.014
Q	0.052	0.000	0.000	-0.000	0.069	0.120	0.003	0.059
R	0.032	0.000	-0.378	0.003	-0.034	-0.122	-0.015	0.002
S	0.018	0.116	0.299	-0.005	-0.181	0.080	-0.044	0.034
T	0.011	0.000	-0.004	-0.005	0.000	-0.367	0.012	0.000
V	-0.086	0.034	0.450	0.002	0.019	0.131	0.045	-0.076
W	0.000	0.058	0.000	0.001	0.000	0.000	0.037	0.000
Y	0.000	-0.607	0.118	0.002	0.054	0.172	-0.104	0.000
Intercept	4.02646
