NumCols:	8
A	-0.115	0.663	0.056	0.025	-0.066	-0.230	-0.194	0.158
C	0.137	0.067	-0.074	0.000	0.107	0.088	0.000	0.056
D	0.000	-0.271	0.144	-0.123	0.059	0.042	-0.025	0.000
E	0.730	0.584	0.140	0.138	-0.124	0.031	-0.030	0.000
F	0.197	0.114	-0.098	0.001	-0.082	-0.290	0.060	0.239
G	0.799	0.148	0.253	-0.010	-0.103	0.202	0.074	0.000
H	-0.334	0.092	0.000	0.008	-0.014	-0.459	0.036	0.000
I	0.504	-0.035	0.049	-0.025	0.199	0.131	0.066	-0.441
K	-0.385	0.000	-0.275	0.059	-0.125	0.004	0.046	0.219
L	-0.660	-0.503	0.134	-0.181	-0.159	-0.262	-0.106	-0.157
M	0.577	-0.037	-0.479	0.003	0.074	0.244	0.007	-0.533
N	0.363	0.279	-0.020	0.029	0.142	0.151	-0.035	0.000
P	0.246	-1.438	-0.023	-0.076	0.294	-0.099	0.167	0.000
Q	0.132	0.189	0.240	0.018	0.049	-0.104	-0.015	0.001
R	-0.338	0.108	-0.059	0.045	-0.364	0.020	-0.005	-0.163
S	-0.725	-0.245	0.111	0.080	-0.100	0.006	-0.017	0.386
T	-0.727	0.226	-0.183	0.109	0.065	-0.020	-0.067	-0.213
V	-0.807	0.110	0.092	0.040	0.107	0.372	0.017	-0.586
W	0.366	0.000	0.037	-0.011	-0.013	0.068	0.010	-0.047
Y	0.040	-0.052	-0.045	-0.129	0.055	0.106	0.010	1.081
Intercept	4.66201
