NumCols:	9
A	0.165	-0.287	0.060	0.055	0.066	-0.028	-0.152	-0.005	0.879
C	0.138	0.051	-0.063	-0.011	-0.129	0.010	0.140	0.000	0.000
D	-0.047	0.083	0.231	0.133	0.210	0.237	0.172	0.006	0.000
E	0.116	0.303	0.054	0.068	0.201	0.035	-0.063	0.002	0.000
F	-0.444	-0.045	0.036	0.047	0.017	-0.184	-0.205	-0.002	-0.634
G	0.297	0.113	0.017	0.146	0.134	0.099	0.095	-0.005	0.000
H	-0.119	0.184	0.042	0.037	0.071	0.033	-0.154	0.001	0.062
I	0.130	0.138	0.023	0.009	0.035	-0.032	0.119	0.001	-0.345
K	0.145	0.173	-0.504	-0.040	-0.496	-0.006	0.138	0.004	0.152
L	0.034	-0.528	-0.008	-0.007	-0.046	0.108	-0.036	0.004	-0.305
M	-0.335	-0.746	0.069	-0.041	0.042	0.061	0.008	-0.004	0.009
N	-0.008	0.109	-0.129	0.070	0.116	-0.044	-0.012	0.005	0.000
P	0.191	-0.439	0.287	0.039	0.155	-0.079	0.012	-0.004	0.014
Q	0.073	0.074	-0.029	-0.015	0.127	-0.086	0.068	0.002	0.000
R	0.061	0.140	-0.355	-0.303	-0.633	-0.143	0.232	-0.002	0.331
S	0.119	-0.217	0.009	-0.063	0.176	0.096	0.102	0.001	0.290
T	-0.136	0.301	0.096	-0.198	0.169	-0.191	-0.032	-0.004	0.253
V	0.264	0.416	0.125	0.020	0.030	0.062	-0.045	0.004	0.053
W	-0.146	0.095	0.077	0.076	0.056	0.147	-0.108	-0.001	-0.726
Y	-0.499	0.082	-0.037	-0.022	-0.300	-0.093	-0.279	-0.003	-0.032
Intercept	5.2022
