NumCols:	9
A	0.079	-1.263	-0.157	0.155	0.025	-0.002	-0.114	-0.707	0.522
C	0.004	0.280	0.360	-0.125	0.006	0.064	0.044	0.252	0.098
D	0.669	0.711	0.439	-0.333	0.044	-0.009	0.045	0.218	0.307
E	0.469	0.791	0.556	-0.098	0.047	0.195	0.017	-0.804	0.772
F	-1.002	-0.373	-0.556	0.089	0.053	-0.020	0.096	0.274	-1.399
G	-0.006	-0.249	0.269	0.034	-0.067	0.029	-0.070	0.179	0.533
H	0.141	0.359	0.145	0.082	-0.035	0.204	0.020	0.385	-0.583
I	-0.227	-0.662	-0.216	0.019	-0.026	-0.184	0.092	-0.055	-0.254
K	-0.162	0.412	-0.137	-0.016	0.080	0.336	0.160	0.745	0.819
L	0.129	-0.331	0.056	0.193	-0.056	-0.166	-0.202	0.686	-0.480
M	-0.240	-1.206	-0.627	-0.006	0.029	-0.450	0.028	0.343	-1.318
N	0.321	0.987	-0.048	-0.095	-0.058	0.094	-0.054	0.492	0.663
P	0.450	0.628	0.223	-0.084	0.024	-0.095	0.112	-0.817	0.834
Q	-0.071	-0.313	0.160	-0.060	0.020	0.074	0.077	-0.157	0.399
R	0.168	1.135	-0.210	0.056	0.063	0.215	0.031	0.305	0.910
S	0.068	-0.875	0.052	0.066	-0.076	0.006	-0.202	-0.539	0.424
T	0.293	-0.763	0.054	0.140	0.090	-0.273	-0.108	-0.152	0.373
V	-0.238	-0.392	-0.122	-0.132	-0.130	-0.174	-0.117	-0.691	-0.573
W	-0.060	0.312	0.016	0.060	-0.003	-0.044	0.104	0.218	-0.837
Y	-0.786	0.815	-0.257	0.055	-0.030	0.201	0.041	-0.174	-1.211
Intercept	6.47228
