NumCols:	9
A	0.197	0.177	0.158	0.000	0.002	0.059	0.000	0.133	0.000
C	0.000	0.000	0.000	0.000	0.000	-0.077	0.000	0.000	0.000
D	0.000	0.000	0.000	-0.000	0.000	-0.060	0.000	0.000	0.000
E	-0.110	0.245	0.000	-0.001	-0.000	0.000	0.000	0.109	0.000
F	0.087	-0.133	-0.040	-0.000	0.001	0.090	-0.000	0.002	-0.010
G	-0.053	-0.006	0.000	-0.000	-0.002	-0.123	0.000	-0.133	0.000
H	-0.115	0.000	-0.150	-0.000	-0.001	0.317	0.000	-0.000	0.000
I	0.122	-0.025	0.081	0.000	-0.001	0.075	0.000	0.000	-0.010
K	-0.109	0.000	0.058	0.000	0.000	-0.107	0.000	0.032	0.021
L	0.056	-0.032	-0.108	0.000	0.001	0.071	-0.000	-0.108	0.036
M	0.153	0.031	-0.145	-0.000	-0.001	0.000	0.000	0.120	-0.006
N	0.000	0.000	0.001	-0.000	-0.000	-0.058	-0.000	0.015	0.000
P	0.000	0.039	0.021	-0.001	0.001	0.019	-0.000	0.036	0.000
Q	-0.004	-0.236	0.000	-0.000	-0.000	-0.079	-0.000	-0.064	0.000
R	-0.213	0.167	0.038	0.000	0.001	0.086	0.000	0.000	0.008
S	-0.278	-0.022	-0.150	0.000	0.001	-0.002	-0.000	-0.019	0.000
T	-0.080	0.083	-0.136	0.001	-0.001	-0.012	0.000	-0.186	0.000
V	0.000	-0.011	0.098	0.000	0.000	-0.036	-0.000	-0.006	-0.001
W	0.169	0.000	0.240	-0.000	-0.001	-0.165	-0.000	0.000	-0.032
Y	0.177	-0.276	0.032	-0.000	-0.001	0.002	-0.000	0.071	-0.005
Intercept	1.37905
