NumCols:	10
A	-0.177	-0.020	-0.155	0.019	-0.194	0.009	0.004	-0.111	-0.262	-0.082
C	-0.499	0.000	-0.001	0.019	0.116	0.085	-0.123	0.020	0.270	0.000
D	1.283	0.000	0.147	-0.011	0.168	0.087	0.427	0.069	0.153	-0.102
E	0.513	0.505	0.161	0.063	0.215	0.035	0.086	0.004	-0.268	0.804
F	-0.204	-0.032	0.222	-0.101	-0.101	0.041	0.027	-0.013	0.216	-0.506
G	-0.247	-0.168	-0.020	0.042	-0.051	-0.080	-0.277	0.067	0.084	-0.255
H	-0.128	0.060	-0.045	-0.068	0.011	0.029	-0.067	-0.030	0.018	0.000
I	0.109	-0.029	-0.158	0.131	-0.116	0.071	0.174	0.086	-0.226	-0.353
K	-0.402	-0.431	-0.153	0.055	-0.011	0.097	-0.150	0.054	0.081	0.055
L	-0.047	0.313	0.323	0.058	-0.139	-0.047	-0.098	0.008	0.130	-0.659
M	-0.023	0.176	-0.496	-0.076	0.111	0.003	-0.099	-0.037	-0.036	-0.825
N	0.065	0.454	0.158	-0.070	0.127	0.012	0.022	0.010	0.334	0.447
P	0.605	-1.410	0.135	0.100	0.086	-0.063	0.169	0.010	-0.439	0.421
Q	0.113	0.224	0.086	0.088	0.068	-0.006	0.055	-0.041	0.230	-0.006
R	-0.745	0.421	-0.562	-0.245	0.000	-0.049	-0.352	0.032	0.410	0.158
S	-0.323	-0.026	0.225	-0.057	-0.033	0.071	0.081	-0.057	-0.391	0.084
T	-0.156	-0.059	-0.084	0.066	-0.033	-0.066	-0.101	-0.093	-0.218	0.784
V	0.125	-0.146	0.097	0.054	-0.141	-0.087	0.142	-0.001	-0.245	-0.465
W	0.381	0.006	0.134	-0.046	-0.075	-0.081	-0.045	-0.010	0.158	-0.028
Y	-0.243	0.162	-0.013	-0.021	-0.006	-0.061	0.126	0.031	0.001	0.527
Intercept	4.55182
