NumCols:	10
A	-0.679	0.300	-0.076	-0.003	0.049	0.065	-0.126	-0.038	-0.001	0.341
C	-0.046	0.000	0.068	-0.001	-0.027	-0.209	0.020	0.051	0.001	0.000
D	0.675	-0.483	0.151	0.002	0.107	0.082	-0.002	0.073	0.000	0.121
E	-0.329	-1.445	-0.266	0.001	0.058	0.212	0.256	0.102	-0.000	0.000
F	0.363	-0.136	-0.013	-0.003	-0.163	-0.125	-0.158	-0.053	-0.002	-0.910
G	0.036	0.505	0.387	-0.001	-0.033	-0.026	-0.055	0.007	-0.001	0.524
H	0.430	-0.258	-0.169	0.000	0.055	0.074	0.052	-0.053	0.000	-0.197
I	0.028	0.115	-0.329	-0.001	-0.014	-0.076	0.027	0.000	-0.002	-0.336
K	-0.181	0.062	0.240	0.003	0.120	-0.109	-0.016	0.078	0.000	0.333
L	0.314	-0.007	0.025	0.004	-0.154	-0.040	0.055	-0.007	-0.002	0.054
M	-0.498	-0.238	-0.954	-0.001	0.006	0.059	0.014	0.043	0.001	-0.169
N	0.001	0.260	-0.337	0.000	0.019	0.339	-0.034	-0.022	0.000	0.243
P	0.996	0.096	0.430	0.002	-0.023	-0.210	0.023	0.054	0.002	0.000
Q	-0.502	-0.020	-0.345	0.001	0.041	0.037	0.096	0.011	0.001	0.018
R	-0.112	0.077	0.175	0.001	0.019	0.031	0.114	-0.096	0.001	-0.092
S	-0.565	0.269	0.157	-0.004	-0.054	-0.107	-0.109	-0.068	0.002	0.689
T	-0.089	0.359	0.466	0.004	0.066	0.260	-0.046	-0.045	0.000	0.606
V	0.120	0.190	0.358	0.004	-0.052	-0.060	0.079	0.016	0.004	0.384
W	-0.044	0.223	-0.007	-0.004	-0.014	-0.161	-0.152	0.021	0.000	-1.078
Y	0.083	0.130	0.039	-0.004	-0.007	-0.035	-0.038	-0.075	-0.007	-0.532
Intercept	4.55889
