NumCols:	10
A	-0.182	0.008	0.177	-0.013	0.088	0.077	0.092	-0.013	-0.138	0.239
C	-0.104	0.228	-0.096	-0.017	-0.220	-0.209	-0.025	-0.179	-0.115	-0.025
D	0.324	0.495	0.298	0.051	0.341	0.316	0.191	0.377	0.247	0.471
E	0.472	0.188	0.442	0.189	0.299	0.218	0.281	0.124	0.071	0.242
F	-0.017	-0.473	-0.134	-0.171	-0.319	-0.246	-0.140	-0.360	-0.424	0.229
G	0.273	-0.113	0.191	-0.056	0.134	0.060	0.076	0.267	0.029	0.000
H	-0.060	-0.111	-0.033	-0.072	-0.120	-0.008	-0.111	-0.047	0.092	-0.010
I	-0.056	-0.214	-0.191	-0.020	-0.159	-0.188	0.085	-0.070	0.247	0.141
K	-0.620	0.352	-0.091	0.002	0.008	-0.086	-0.060	0.146	0.163	-0.704
L	-0.121	-0.081	-0.098	0.039	-0.083	0.014	-0.109	0.016	-0.074	-0.025
M	-0.335	-0.545	-0.337	-0.038	-0.081	0.079	-0.051	-0.213	0.038	-0.743
N	0.147	0.616	0.103	-0.034	0.114	0.138	0.016	0.069	0.010	0.130
P	0.527	0.641	0.171	-0.029	0.076	0.313	0.121	0.168	-0.066	0.973
Q	0.027	-0.032	-0.077	0.104	0.025	0.118	0.088	0.227	0.191	0.872
R	-0.504	0.304	-0.254	-0.006	-0.048	-0.139	-0.294	-0.124	-0.044	-1.711
S	-0.219	-0.308	-0.123	0.006	0.119	-0.105	0.087	-0.047	0.068	0.000
T	0.070	-0.221	0.222	0.049	0.066	0.045	0.061	0.028	-0.004	-0.249
V	0.062	-0.253	0.158	0.106	-0.013	-0.087	0.067	0.022	0.174	0.042
W	0.263	-0.100	-0.057	-0.102	-0.155	-0.252	-0.219	-0.098	-0.144	0.121
Y	0.056	-0.382	-0.270	0.012	-0.070	-0.059	-0.152	-0.293	-0.319	0.006
Intercept	4.1264
