NumCols:	9
A	-0.061	0.376	0.440	0.190	-0.171	-0.063	0.130	-0.090	0.291
C	0.031	0.000	-0.290	-0.040	0.263	-0.042	0.263	0.101	0.000
D	0.482	0.000	0.257	0.073	0.031	-0.013	0.221	0.063	0.000
E	0.000	0.000	0.000	-0.132	0.000	-0.011	0.048	-0.032	0.000
F	-0.441	-0.015	0.136	0.275	-0.242	0.011	-0.452	-0.265	1.183
G	0.234	0.000	0.640	-0.065	0.340	0.039	-0.138	0.135	0.000
H	0.133	0.000	0.000	-0.034	0.092	-0.046	0.214	0.032	0.000
I	-0.068	-0.310	-0.134	0.163	0.248	0.022	0.191	0.067	-0.734
K	0.036	0.000	-0.343	-0.031	-0.101	-0.016	0.021	-0.204	0.000
L	-0.271	0.002	0.070	0.020	-0.057	0.131	0.161	0.074	-0.982
M	-0.268	0.168	-0.035	-0.257	0.126	-0.120	0.008	0.380	-1.586
N	0.071	0.000	-0.561	0.130	0.014	0.046	0.000	0.000	0.000
P	0.000	0.000	-1.381	-0.193	-0.341	0.045	-0.320	-0.408	0.000
Q	-0.055	-0.089	-0.074	0.000	0.070	-0.024	-0.058	0.158	0.000
R	0.200	0.000	0.299	-0.100	0.173	0.038	-0.121	-0.056	0.000
S	-0.299	0.000	0.465	-0.170	0.007	-0.064	0.122	-0.123	0.802
T	0.252	0.172	0.732	0.084	-0.323	-0.083	0.195	0.093	-0.152
V	0.197	-0.547	0.159	0.151	0.255	0.122	-0.032	0.203	-0.419
W	-0.005	0.109	0.033	-0.064	-0.094	0.000	-0.211	-0.002	1.597
Y	-0.168	0.135	-0.411	0.000	-0.290	0.026	-0.242	-0.125	0.000
Intercept	2.99966
