NumCols:	11
A	0.000	0.427	-0.003	0.035	-0.003	0.000	0.200	0.000	0.000	0.008	0.061
C	0.000	0.204	0.003	0.000	0.023	-0.011	0.000	0.000	0.000	0.000	0.000
D	0.000	0.029	0.008	-0.046	0.057	-0.004	0.114	-0.000	-0.000	-0.069	0.000
E	0.000	-0.868	0.000	0.008	-0.070	0.005	0.022	-0.000	0.000	0.130	0.000
F	0.000	0.000	0.008	-0.028	-0.094	-0.001	-0.001	-0.000	-0.000	-0.153	-0.271
G	-0.000	0.000	0.009	0.015	-0.050	0.007	0.059	0.000	0.000	-0.080	0.000
H	0.000	0.000	0.000	0.000	0.000	0.001	0.000	-0.000	0.000	0.024	0.000
I	0.000	0.236	-0.001	0.000	0.020	0.005	0.080	0.000	0.000	0.022	0.106
K	-0.000	0.000	0.002	0.000	0.065	0.007	0.000	-0.000	0.000	-0.017	-0.078
L	-0.000	-0.041	0.005	-0.011	0.003	-0.007	-0.455	-0.000	0.000	-0.048	-0.709
M	-0.000	0.184	-0.021	0.003	0.031	-0.000	0.000	0.000	0.000	0.050	0.000
N	0.000	0.000	-0.004	0.000	0.107	0.000	-0.159	0.000	0.000	0.200	0.000
P	0.000	0.525	0.007	0.014	0.024	-0.005	0.005	0.000	0.000	-0.078	0.000
Q	0.000	-0.356	0.006	0.000	-0.091	0.001	0.117	0.000	-0.000	0.000	0.000
R	0.000	-0.169	0.008	-0.060	-0.125	0.006	0.000	-0.000	0.000	0.038	0.326
S	0.000	-0.010	-0.014	0.002	0.129	-0.006	-0.063	-0.000	-0.000	-0.123	0.000
T	0.000	0.346	-0.006	0.033	0.000	-0.002	0.201	0.000	0.000	0.072	0.191
V	-0.000	-0.381	0.000	-0.006	-0.026	0.003	-0.161	0.000	-0.000	-0.057	-0.328
W	0.000	0.000	0.000	0.014	0.000	0.000	0.000	0.000	-0.000	0.082	0.368
Y	0.000	-0.127	-0.010	0.028	0.000	0.000	0.041	0.000	0.000	0.000	0.334
Intercept	4.46569
