NumCols:	9
A	0.467	-0.203	0.116	0.025	0.185	0.195	-0.186	-0.088	0.327
C	-0.110	0.296	-0.151	0.006	-0.251	-0.215	-0.071	0.089	0.352
D	-0.654	-0.028	0.349	-0.013	0.347	0.175	0.336	0.320	0.000
E	-0.573	0.498	0.335	-0.005	0.278	0.191	0.168	0.201	-0.116
F	-0.249	-0.582	-0.326	-0.053	-0.145	-0.256	-0.405	-0.380	0.038
G	0.405	0.666	0.271	0.009	0.046	0.235	0.160	0.108	0.000
H	-0.202	0.741	0.223	0.018	-0.098	-0.122	-0.138	-0.045	0.147
I	-0.074	-0.062	-0.036	0.024	-0.150	-0.140	-0.044	0.158	0.247
K	0.622	0.170	-0.236	0.032	0.057	0.027	0.391	0.132	-0.528
L	0.147	-0.094	-0.132	-0.042	-0.046	-0.035	0.182	-0.279	0.149
M	-0.560	-0.484	-0.226	-0.051	-0.025	-0.135	-0.190	0.184	-0.002
N	-0.190	-0.170	-0.032	0.024	0.252	0.052	0.085	-0.062	0.000
P	0.496	0.198	0.437	0.026	-0.051	0.143	0.293	-0.201	0.000
Q	0.122	0.405	0.089	0.043	0.113	0.104	0.322	0.043	0.389
R	0.387	0.381	-0.115	0.011	-0.193	-0.275	0.092	0.118	-1.791
S	0.198	0.019	0.101	-0.016	0.217	0.187	-0.083	-0.039	0.184
T	-0.167	-0.362	-0.104	0.047	0.134	0.105	0.022	0.066	0.248
V	0.118	-0.126	0.220	-0.020	-0.256	0.116	-0.012	0.113	0.146
W	-0.018	-0.802	-0.469	-0.046	-0.259	-0.267	-0.702	-0.088	0.172
Y	-0.166	-0.463	-0.314	-0.018	-0.154	-0.085	-0.220	-0.350	0.038
Intercept	4.42505
