NumCols:	9
A	-0.259	0.041	-0.306	-0.051	0.095	0.016	0.097	-0.246	-0.006
C	0.369	-0.147	-0.019	0.104	0.087	0.139	-0.085	0.117	-0.127
D	0.401	0.625	0.310	0.090	0.124	0.141	0.420	0.314	0.453
E	0.720	0.323	0.447	-0.022	0.333	0.216	0.242	0.085	0.373
F	0.273	0.366	-0.741	-0.155	-0.317	-0.160	-0.247	0.079	-1.494
G	0.124	0.340	0.463	-0.058	0.076	0.193	0.310	0.280	0.914
H	-0.215	0.444	0.097	0.005	-0.063	-0.222	-0.021	0.252	0.334
I	-0.124	-0.618	-0.033	0.119	-0.251	0.059	0.051	0.027	-1.335
K	-1.069	0.543	0.347	0.173	0.074	0.462	0.478	0.133	0.433
L	0.100	-0.690	-0.304	-0.061	-0.106	-0.001	-0.069	-0.052	-0.839
M	-0.616	-0.976	-0.599	0.167	-0.119	0.085	-0.112	0.211	-0.207
N	0.448	-0.006	-0.264	-0.197	-0.001	-0.100	-0.056	-0.019	-0.579
P	0.530	0.819	0.367	0.017	-0.074	0.011	0.179	-0.557	0.343
Q	-0.166	-0.449	-0.049	-0.013	-0.004	0.082	0.055	0.075	1.427
R	-0.993	0.522	0.537	-0.007	-0.036	-0.025	0.016	-0.023	0.674
S	-0.364	-0.367	-0.024	0.007	0.281	-0.242	0.261	-0.407	0.164
T	0.085	-0.778	0.676	0.108	0.040	-0.310	-0.176	-0.525	1.520
V	0.187	-0.538	0.328	-0.022	0.034	-0.244	-0.414	-0.177	-0.024
W	0.196	0.073	-0.695	0.003	-0.196	-0.073	-0.293	0.117	-1.446
Y	0.372	0.472	-0.537	-0.207	0.024	-0.026	-0.635	0.317	-0.580
Intercept	5.04594
