NumCols:	10
A	0.008	0.005	0.047	-0.068	-0.179	-0.051	-0.173	-0.040	0.012	0.006
C	-0.100	0.003	0.019	0.094	0.031	0.071	0.079	0.062	0.045	-0.223
D	0.011	0.001	0.027	-0.000	0.050	0.050	0.107	0.171	0.104	-0.008
E	0.135	-0.001	-0.002	0.024	0.156	0.151	0.000	-0.084	0.028	0.138
F	0.130	0.001	0.007	0.017	-0.283	-0.083	0.045	-0.105	0.077	-0.443
G	0.032	0.010	0.043	-0.087	0.195	-0.063	0.110	0.194	0.013	0.242
H	-0.046	0.001	0.001	-0.331	-0.012	-0.085	0.000	0.133	0.064	0.000
I	0.094	-0.009	-0.054	0.125	-0.001	-0.050	-0.009	-0.076	-0.003	-0.206
K	-0.115	0.008	0.003	0.064	0.176	0.037	0.017	0.045	0.134	-0.007
L	-0.034	-0.009	-0.193	0.037	0.096	-0.019	-0.013	0.078	0.027	-0.021
M	-0.183	0.004	-0.018	-0.010	-0.197	-0.133	0.078	-0.076	-0.048	0.081
N	0.014	-0.004	0.016	0.114	-0.031	-0.076	0.124	-0.014	0.132	-0.033
P	0.006	-0.001	0.008	-0.038	0.312	0.064	0.003	0.031	-0.180	0.164
Q	0.071	-0.017	0.008	0.072	-0.190	0.092	-0.103	-0.055	-0.134	0.229
R	-0.174	0.008	0.020	-0.134	0.181	-0.009	0.175	-0.094	0.031	0.014
S	-0.001	-0.007	0.056	0.088	-0.054	-0.027	0.144	0.098	-0.273	0.118
T	0.138	0.003	0.003	0.091	-0.043	0.158	-0.034	-0.028	-0.070	0.097
V	-0.024	0.002	0.011	-0.105	0.020	-0.045	-0.189	-0.048	0.105	-0.007
W	0.046	0.001	0.026	0.038	0.000	-0.001	-0.446	-0.037	-0.000	-0.048
Y	-0.008	-0.000	-0.029	0.009	-0.227	0.019	0.085	-0.158	-0.064	-0.094
Intercept	4.33802
