NumCols:	9
A	-0.116	-0.204	-0.199	-0.123	-0.109	-0.084	-0.016	-0.169	-0.547
C	0.177	1.352	0.110	-0.152	-0.046	0.004	-0.082	0.172	0.012
D	0.892	0.661	-0.172	-0.377	-0.000	0.076	0.156	0.498	-0.025
E	0.836	0.316	0.468	-0.424	0.095	0.374	0.092	-0.206	-0.004
F	-0.869	-0.062	-0.251	0.075	-0.085	-0.672	-0.522	-0.347	-0.291
G	0.110	-0.519	0.383	-0.096	-0.074	0.163	0.341	-0.152	0.239
H	0.264	0.814	0.199	-0.011	-0.171	0.063	-0.215	-0.216	0.601
I	-0.155	-0.627	-0.376	0.243	-0.068	-0.267	-0.065	0.282	-0.620
K	-0.361	0.436	0.578	0.153	0.195	0.569	0.618	0.259	0.882
L	-0.184	-0.780	-0.388	0.197	-0.049	-0.454	0.003	-0.086	-0.635
M	-0.470	-0.842	-0.599	0.028	0.008	-0.262	-0.132	0.077	-0.330
N	0.004	0.825	0.211	0.051	0.087	0.068	0.094	0.177	-0.295
P	0.800	0.686	0.008	-0.213	0.203	0.322	-0.188	-0.280	-0.017
Q	0.106	-1.406	0.300	0.128	0.168	0.316	0.084	0.128	0.564
R	-0.136	0.581	0.536	0.172	0.063	0.399	0.533	0.182	0.543
S	0.033	-0.189	0.015	0.028	0.087	-0.118	0.132	-0.123	0.278
T	0.110	-0.479	0.092	0.115	0.087	-0.048	-0.063	-0.034	-0.003
V	-0.106	-0.714	-0.309	0.252	-0.089	-0.083	-0.045	0.238	-1.303
W	-0.316	-0.024	-0.312	-0.122	-0.103	-0.393	-0.560	-0.087	0.383
Y	-0.619	0.175	-0.294	0.073	-0.196	0.029	-0.163	-0.312	0.568
Intercept	4.23955
