NumCols:	9
A	0.442	0.056	-0.093	0.000	-0.062	-0.168	-0.011	-0.307	-0.094
C	0.196	0.149	0.019	-0.000	0.029	0.039	0.002	0.308	0.028
D	0.278	0.375	-0.280	0.000	0.003	0.094	-0.000	0.442	0.000
E	0.169	0.360	0.140	-0.000	0.031	-0.028	0.003	-0.106	0.000
F	-0.639	0.136	-0.079	0.000	0.016	0.163	0.002	0.200	-0.072
G	0.332	0.000	0.865	0.000	-0.058	-0.091	0.005	-0.016	0.518
H	-0.763	-1.413	-0.467	0.000	-0.057	-0.119	0.001	-0.161	0.035
I	0.188	0.224	-0.582	0.000	0.039	-0.038	-0.002	-0.168	-0.418
K	0.341	-0.933	1.161	-0.000	0.027	0.062	0.000	0.144	1.207
L	-0.164	-0.155	0.130	-0.000	0.059	0.237	0.004	-0.154	-0.928
M	-0.315	-0.230	-0.559	-0.000	0.013	-0.054	-0.002	-0.029	-0.544
N	-0.337	0.436	-0.236	-0.000	-0.016	0.001	0.001	0.244	-0.693
P	0.504	-0.305	0.613	-0.000	0.007	0.006	-0.006	-0.364	0.000
Q	-0.172	-0.516	-0.743	0.000	0.004	-0.269	-0.001	0.092	0.111
R	0.321	0.029	0.899	0.000	0.018	0.247	0.002	0.205	0.330
S	-0.074	0.069	-0.145	-0.000	0.006	-0.413	-0.005	-0.051	0.131
T	-0.113	0.477	0.005	-0.000	-0.062	0.038	-0.001	-0.276	-0.156
V	0.380	0.382	-0.307	0.000	0.034	0.091	-0.002	-0.305	-0.531
W	-0.281	0.521	0.138	-0.000	-0.013	0.177	0.003	0.287	0.381
Y	-0.292	0.338	-0.479	-0.000	-0.018	0.028	0.006	0.015	0.694
Intercept	4.84432
