NumCols:	9
A	0.430	-1.073	-0.319	-0.136	-0.185	-0.044	-0.129	-0.662	0.215
C	-0.120	-0.186	0.141	-0.003	-0.072	0.036	0.124	-0.103	0.613
D	0.122	0.044	0.118	-0.149	-0.083	-0.218	0.076	0.203	0.006
E	-0.058	0.466	0.228	-0.195	0.043	0.027	0.191	-0.268	0.204
F	-0.749	-0.124	-0.270	-0.031	-0.030	-0.056	-0.269	0.053	-1.142
G	0.665	-0.197	0.329	0.044	-0.137	0.049	0.177	0.121	0.281
H	-0.469	0.625	-0.094	-0.002	-0.147	-0.013	-0.137	0.400	-0.225
I	-0.096	-0.094	-0.187	0.108	0.004	0.103	-0.279	-0.051	0.317
K	0.615	0.712	0.639	0.160	0.450	0.230	0.360	0.366	0.614
L	-0.312	0.194	-0.063	0.121	-0.001	0.125	-0.140	0.075	-0.273
M	-0.873	-0.280	-0.372	-0.019	-0.139	0.033	0.126	0.029	-1.226
N	-0.035	0.317	-0.213	0.077	-0.036	0.040	-0.018	0.450	0.000
P	0.835	-1.437	0.358	-0.044	0.173	-0.064	-0.099	-0.521	0.303
Q	0.213	0.222	0.202	-0.042	0.011	0.088	0.071	0.062	0.506
R	0.537	0.930	0.346	0.179	0.287	0.268	0.266	0.177	0.492
S	0.195	-0.220	-0.101	-0.157	-0.079	-0.265	-0.115	-0.103	0.245
T	-0.011	0.133	-0.024	0.099	-0.055	-0.247	-0.016	-0.310	0.276
V	0.231	-0.543	-0.220	0.147	-0.018	-0.048	-0.022	-0.193	0.316
W	-0.544	0.143	-0.320	-0.176	-0.039	-0.050	-0.012	0.255	0.021
Y	-0.577	0.369	-0.178	0.018	0.055	0.004	-0.155	0.022	-1.544
Intercept	4.48558
