NumCols:	11
A	0.076	-0.062	0.021	0.000	-0.002	-0.013	0.086	0.002	-0.005	0.075	0.990
C	-0.120	0.018	0.010	-0.000	0.000	0.109	-0.075	0.000	0.000	0.000	0.000
D	0.282	0.006	0.010	-0.000	0.000	0.069	-0.067	0.000	-0.010	-0.000	0.000
E	0.147	0.049	-0.003	0.000	0.000	-0.029	0.008	0.753	0.039	0.044	0.000
F	0.038	-0.004	-0.012	0.000	0.001	-0.023	0.011	-0.223	-0.000	-0.092	0.012
G	0.000	0.000	-0.010	0.000	-0.001	0.018	-0.054	-0.029	0.013	-0.314	0.000
H	0.035	0.000	0.000	0.000	0.000	-0.024	0.011	0.000	0.000	0.152	0.000
I	0.135	-0.030	-0.013	0.000	0.002	0.010	-0.009	-0.829	0.010	-0.319	0.621
K	-0.514	0.000	-0.018	0.000	0.000	0.021	0.065	0.027	0.007	-0.087	-0.251
L	0.143	0.012	-0.037	0.000	-0.004	0.075	-0.041	-0.004	0.012	-0.720	0.694
M	0.000	-0.019	-0.000	0.000	0.000	0.000	0.000	0.169	0.048	-0.136	0.000
N	-0.075	0.000	0.010	-0.000	-0.003	0.000	0.000	-1.540	-0.017	0.136	0.000
P	0.052	0.045	0.001	-0.000	-0.004	0.058	-0.023	0.895	-0.030	0.319	0.000
Q	-0.145	0.006	0.020	0.000	0.000	0.011	0.000	0.000	0.005	0.201	-1.102
R	-0.200	0.041	0.000	0.000	0.001	-0.039	0.091	0.000	0.004	0.477	0.227
S	0.175	-0.044	-0.003	0.000	0.009	0.002	0.129	0.278	0.009	-0.096	0.000
T	0.051	0.001	0.012	0.000	-0.000	-0.179	-0.029	-0.028	-0.014	0.408	0.000
V	0.239	-0.023	0.009	0.000	0.005	-0.000	-0.155	0.296	-0.020	-0.058	0.131
W	-0.320	0.000	-0.000	-0.000	0.000	-0.067	0.000	0.191	-0.021	0.000	0.381
Y	0.000	0.005	0.003	-0.000	-0.003	0.000	0.051	0.042	-0.032	0.011	-1.703
Intercept	3.8759
