NumCols:	8
A	-0.123	-0.008	-0.001	-0.398	0.177	-0.045	-0.000	-0.049
C	0.017	0.030	-0.003	-0.782	0.141	0.000	0.000	0.021
D	0.000	-0.077	0.002	0.155	-0.468	-0.017	0.000	0.000
E	-0.010	-0.013	0.000	0.240	0.004	0.018	0.000	0.000
F	-0.033	0.048	-0.003	-0.686	-0.063	0.089	0.000	-0.092
G	0.049	0.057	0.003	0.098	-0.850	0.001	-0.000	0.000
H	0.001	-0.004	0.000	0.105	-0.532	0.002	0.000	0.000
I	0.000	0.004	-0.002	0.064	0.122	0.048	0.000	0.122
K	0.028	0.000	0.005	0.136	0.013	0.014	-0.000	0.061
L	-0.094	0.169	0.002	-0.122	0.229	0.004	-0.000	0.006
M	-0.040	0.002	-0.003	0.304	-0.001	0.023	0.000	0.036
N	-0.060	-0.033	0.003	0.111	0.070	-0.055	-0.000	0.000
P	0.007	0.081	0.006	0.065	0.078	0.016	-0.000	0.000
Q	0.032	0.030	0.000	0.117	-0.010	0.025	0.000	0.002
R	0.015	0.031	0.003	0.178	0.208	0.013	-0.000	0.014
S	0.006	-0.288	-0.005	0.341	0.486	-0.146	-0.000	0.000
T	0.050	-0.109	0.001	0.115	0.216	0.009	0.000	0.013
V	0.090	-0.049	-0.001	-0.033	0.204	0.028	0.000	0.013
W	0.031	0.000	-0.002	-0.095	0.000	0.003	0.000	-0.005
Y	0.031	0.130	-0.006	0.088	-0.025	-0.031	0.000	-0.141
Intercept	4.51394
