NumCols:	9
A	-0.088	0.037	0.015	-0.056	-0.027	-0.041	-0.106	-0.399	-0.000
C	0.125	0.000	-0.047	-0.053	0.035	0.055	0.046	0.286	-0.000
D	-0.394	0.027	0.109	-0.004	-0.074	-0.023	0.050	0.234	0.000
E	-0.912	0.439	0.085	-0.144	0.071	0.097	0.039	0.280	0.824
F	-0.183	0.209	0.223	0.085	-0.058	-0.110	-0.052	-0.176	-0.368
G	0.558	0.225	0.187	-0.082	-0.035	-0.043	-0.232	-0.530	0.275
H	-0.787	0.529	-0.056	-0.012	-0.036	0.055	0.043	-0.090	0.003
I	0.304	-0.567	-0.437	0.104	0.106	-0.004	-0.036	0.254	0.374
K	0.790	0.025	0.093	0.063	0.002	0.065	0.089	0.015	0.352
L	0.434	-0.208	0.096	0.124	0.063	-0.029	-0.044	-0.110	-0.194
M	0.305	0.331	0.043	-0.019	0.020	0.002	0.046	-0.024	-1.329
N	0.278	-0.123	-0.100	-0.029	0.012	-0.001	0.007	-0.252	0.000
P	0.583	0.042	0.005	0.053	-0.007	0.015	0.024	-0.395	0.006
Q	0.041	0.044	0.025	-0.020	0.031	0.044	0.084	0.257	0.691
R	0.782	0.544	0.007	0.007	-0.066	0.021	-0.017	0.339	-0.729
S	-0.170	0.049	0.033	-0.043	0.093	0.013	-0.138	-0.102	0.002
T	-0.221	-0.904	0.017	-0.038	-0.047	-0.033	0.011	0.046	0.324
V	-0.319	-1.048	-0.177	0.066	0.040	0.034	0.087	0.179	0.032
W	-0.617	0.105	-0.032	0.021	-0.012	-0.080	0.060	0.008	0.274
Y	-0.511	0.243	-0.088	-0.024	-0.112	-0.036	0.038	0.181	-0.536
Intercept	4.73079
