NumCols:	10
A	-0.013	-0.000	-0.362	0.035	-0.094	0.000	0.010	-0.025	-0.061	0.526
C	0.010	0.000	-0.082	0.050	0.013	0.000	-0.057	0.034	0.485	0.000
D	0.003	0.000	0.032	0.052	-0.138	-0.000	-0.002	0.004	0.000	0.000
E	0.013	0.000	-0.088	0.057	-0.097	-0.000	0.054	0.000	0.264	0.000
F	-0.036	0.000	0.220	0.101	-0.009	-0.000	0.029	-0.085	-0.229	-0.628
G	0.013	0.000	0.275	-0.030	0.027	0.000	-0.008	-0.013	-0.152	0.155
H	-0.015	0.000	0.000	-0.094	0.326	0.000	-0.003	0.007	0.000	0.000
I	0.034	0.000	0.120	-0.337	0.318	0.000	0.082	0.044	0.286	0.053
K	-0.002	0.000	0.444	0.088	0.053	-0.000	0.001	0.005	-0.224	0.000
L	-0.021	-0.000	-0.184	0.062	0.368	0.000	0.077	0.064	-0.158	-0.638
M	-0.031	0.000	0.052	-0.060	-0.018	-0.000	-0.061	0.045	-0.455	-0.058
N	0.000	0.000	-0.131	-0.206	-0.141	-0.000	-0.045	-0.011	0.000	0.000
P	0.000	0.000	0.000	0.103	-0.479	-0.000	0.007	0.017	-0.025	0.300
Q	0.014	-0.000	0.000	0.000	-0.029	0.000	0.015	-0.016	-0.193	0.000
R	0.008	0.000	0.000	0.127	-0.145	0.000	-0.004	-0.003	-0.348	0.000
S	-0.004	-0.000	-0.441	-0.139	-0.280	-0.000	-0.055	0.034	-0.154	0.000
T	0.011	-0.000	0.272	0.144	0.202	-0.000	-0.012	-0.045	0.002	0.333
V	0.017	0.000	-0.217	0.061	0.133	0.000	-0.028	0.009	0.221	-0.044
W	0.004	0.000	0.000	-0.015	0.014	0.000	0.000	-0.068	0.515	0.000
Y	-0.005	0.000	0.090	0.000	-0.022	-0.000	0.000	0.002	0.226	0.000
Intercept	2.83174
