NumCols:	9
A	0.272	-0.441	-0.047	-0.007	-0.000	-0.000	-0.000	0.031	-0.025
C	-0.000	0.000	0.058	0.004	0.000	-0.000	-0.000	0.001	-0.000
D	0.463	0.121	0.255	0.001	-0.000	0.000	0.000	0.006	0.000
E	-0.710	0.264	0.065	0.000	-0.000	-0.000	-0.000	-0.009	0.012
F	0.070	0.628	0.045	0.001	0.000	-0.000	-0.000	-0.015	0.001
G	-0.179	0.033	-0.393	0.005	0.000	-0.000	0.000	0.042	0.000
H	-0.127	0.355	0.054	-0.006	0.000	0.000	-0.000	0.001	0.004
I	0.186	-0.295	-0.540	0.002	0.000	-0.001	0.000	0.046	0.093
K	0.298	0.000	0.204	-0.005	0.000	0.000	0.000	-0.035	-0.311
L	0.193	0.357	0.223	-0.001	0.000	0.000	0.000	0.011	0.092
M	-0.687	0.336	0.214	0.000	-0.000	0.000	0.000	0.000	0.051
N	0.219	0.277	-0.017	0.002	0.000	0.000	0.000	0.015	0.000
P	-0.070	0.019	0.006	0.001	-0.000	0.000	0.000	-0.039	0.000
Q	0.016	0.259	-0.042	-0.002	0.000	0.000	0.000	-0.003	0.099
R	0.331	0.234	0.176	0.001	-0.000	0.001	0.000	-0.046	-0.189
S	0.121	-0.501	0.144	0.003	-0.000	-0.000	-0.000	0.016	0.067
T	0.219	-0.669	0.108	0.001	0.000	-0.000	0.000	-0.030	0.005
V	0.084	-1.006	-0.193	0.000	-0.000	0.000	0.000	0.018	0.110
W	0.132	0.000	0.010	-0.001	0.000	0.000	0.000	0.007	0.073
Y	-0.831	0.029	-0.331	0.001	0.000	-0.001	-0.000	-0.017	-0.081
Intercept	4.26663
