NumCols:	9
A	0.283	-0.178	-0.040	0.064	-0.060	0.196	-0.145	-0.279	0.195
C	0.000	0.000	0.000	0.000	-0.007	0.000	-0.076	-0.027	0.290
D	-0.710	0.231	-0.005	-0.154	0.131	0.195	0.104	0.202	0.000
E	-0.407	0.029	0.017	0.051	-0.565	-0.448	0.091	-0.079	0.000
F	-1.423	0.218	-0.015	0.002	-0.187	-0.038	-0.105	0.011	-0.846
G	0.706	0.056	0.035	0.052	0.107	0.045	-0.010	0.087	0.096
H	-0.155	0.244	0.002	0.075	0.000	-0.002	0.041	0.080	0.000
I	0.244	0.542	-0.013	-0.106	0.065	0.185	0.048	-0.035	-0.028
K	0.336	-0.432	-0.034	-0.067	0.438	0.128	0.061	-0.017	0.485
L	0.305	0.362	-0.014	0.044	0.477	0.073	0.050	0.127	-0.905
M	0.000	0.000	0.023	0.000	0.000	0.107	0.000	0.001	-0.481
N	-0.161	0.052	-0.033	0.031	0.130	-0.045	-0.060	0.067	0.000
P	0.370	-1.081	0.020	-0.054	-0.217	-0.077	-0.091	-0.099	0.000
Q	0.037	0.366	0.015	0.053	0.314	-0.260	0.062	0.047	0.000
R	0.540	0.541	0.055	0.113	0.333	0.134	0.101	-0.012	0.187
S	-0.182	0.665	0.031	-0.063	-0.389	-0.046	0.038	-0.026	0.000
T	0.189	-0.222	-0.017	-0.002	-0.105	-0.150	0.034	-0.065	0.086
V	0.001	-0.274	-0.015	-0.033	0.119	0.081	-0.217	-0.035	0.861
W	0.105	0.000	-0.005	-0.054	-0.244	-0.018	0.010	0.001	-0.083
Y	-0.079	-1.118	-0.007	0.048	-0.339	-0.059	0.063	0.052	0.143
Intercept	5.16319
