NumCols:	11
A	0.000	-0.089	0.075	0.038	0.003	0.013	-0.014	-0.931	0.269	0.282	0.000
C	0.000	-0.068	0.008	0.024	0.008	0.004	0.004	0.000	0.126	0.000	0.000
D	0.000	-0.059	-0.095	0.028	-0.058	0.004	0.015	0.000	-0.124	0.000	0.000
E	0.000	0.266	0.000	-0.004	0.001	-0.015	0.017	0.000	0.088	0.103	0.000
F	0.000	0.158	-0.209	-0.069	-0.013	0.014	-0.008	0.010	-0.108	0.126	-0.421
G	0.000	0.000	0.026	0.002	-0.018	0.000	-0.004	0.235	-0.266	0.199	0.000
H	0.000	0.000	0.000	0.000	0.000	0.001	0.000	0.424	0.000	-0.117	0.000
I	-0.000	0.028	-0.159	0.000	0.076	0.004	0.012	-0.603	0.087	0.175	0.125
K	-0.000	0.000	0.058	0.000	0.039	-0.013	0.000	-0.119	0.385	0.059	0.866
L	-0.000	-0.043	0.003	-0.010	0.031	-0.006	-0.002	-0.201	-0.040	-0.716	0.322
M	0.000	0.006	0.000	0.000	0.000	0.005	0.000	0.000	0.000	-0.468	0.000
N	0.000	0.000	-0.033	0.000	-0.184	0.000	0.011	0.045	0.025	0.467	0.000
P	0.000	0.011	0.026	-0.012	0.011	-0.009	0.002	-0.090	-0.161	0.184	0.000
Q	-0.000	0.078	0.125	0.000	0.014	0.025	-0.009	0.028	0.044	-0.289	0.000
R	0.000	0.184	0.010	0.015	0.000	-0.005	0.000	-0.240	-0.106	0.126	0.131
S	0.000	-0.631	0.161	-0.075	0.079	0.006	0.018	0.184	0.053	0.000	0.000
T	0.000	-0.024	-0.070	-0.003	0.000	-0.027	0.003	0.560	-0.514	0.033	0.067
V	0.000	0.149	0.096	0.019	0.005	0.000	-0.025	0.480	0.041	0.018	0.627
W	0.000	0.000	0.000	0.030	0.000	0.000	0.016	0.108	0.131	-0.201	-1.770
Y	0.000	0.034	-0.022	0.017	0.004	0.000	-0.037	0.110	0.071	0.019	0.052
Intercept	4.04406
