NumCols:	8
A	0.024	-0.490	0.001	0.005	0.258	0.130	0.013	0.033
C	0.004	0.021	-0.038	0.000	-0.057	-0.042	0.000	0.006
D	0.000	0.136	0.002	0.003	-0.757	0.000	-0.024	0.000
E	0.039	0.065	0.000	-0.006	-0.272	0.102	0.029	0.000
F	-0.217	-0.198	-0.017	-0.000	-0.008	-0.182	0.016	0.077
G	0.098	0.009	0.077	-0.003	0.054	0.003	0.065	0.000
H	0.013	0.137	0.000	0.001	0.174	0.009	-0.003	0.000
I	-0.062	0.162	0.022	-0.001	-0.419	0.068	0.137	-0.078
K	0.080	0.000	0.041	0.001	0.131	0.035	0.018	0.042
L	-0.215	0.377	0.034	-0.004	0.438	-0.201	0.040	-0.082
M	-0.041	-0.113	0.000	0.002	-0.058	0.177	0.003	-0.008
N	0.060	0.036	-0.008	0.003	0.161	0.086	0.000	0.000
P	-0.016	-0.532	-0.021	-0.008	0.051	-0.410	-0.228	0.000
Q	0.093	0.083	0.032	-0.001	-0.742	0.479	0.260	0.013
R	-0.041	0.026	-0.002	-0.004	0.191	0.154	0.113	-0.055
S	0.000	0.278	-0.084	0.016	0.373	0.045	-0.096	0.000
T	-0.095	0.034	0.020	-0.004	0.517	-0.251	0.081	-0.024
V	0.053	0.085	0.000	-0.001	-0.035	-0.230	-0.088	0.061
W	-0.013	0.000	0.010	0.001	0.122	0.004	0.000	-0.042
Y	0.237	-0.116	-0.068	0.000	-0.124	0.026	-0.334	0.059
Intercept	4.60744
