NumCols:	9
A	0.354	-0.671	-0.049	-0.018	0.016	-0.091	0.013	0.090	0.107
C	-0.149	0.080	0.226	-0.038	0.072	-0.144	-0.003	0.119	0.011
D	-0.063	0.126	0.107	-0.060	0.102	0.176	0.018	0.197	0.000
E	-0.005	0.188	0.270	-0.030	0.093	0.243	0.036	-0.093	0.267
F	-0.527	0.012	-0.243	-0.007	-0.036	-0.190	-0.013	0.004	-0.129
G	0.339	0.007	0.309	0.132	0.028	-0.006	0.028	0.075	0.160
H	0.120	-0.014	0.048	-0.010	-0.001	0.046	-0.015	0.032	0.312
I	-0.337	-0.011	-0.177	-0.020	-0.097	0.119	-0.021	-0.198	-0.924
K	0.142	0.158	0.111	0.059	0.029	0.111	0.010	0.006	0.184
L	-0.468	0.224	-0.264	0.012	-0.082	-0.055	-0.037	-0.096	-0.133
M	-0.494	0.310	-0.191	-0.010	0.008	-0.049	0.026	-0.003	-0.226
N	0.091	0.004	-0.012	0.019	0.068	0.103	-0.019	-0.104	0.000
P	0.474	-1.043	-0.007	-0.044	-0.007	-0.061	-0.040	-0.011	0.296
Q	0.171	0.110	0.100	0.088	-0.039	-0.107	-0.023	0.001	0.031
R	0.347	0.135	0.151	0.097	0.019	0.240	0.036	0.035	0.073
S	0.249	0.208	0.112	-0.088	-0.016	-0.100	0.012	-0.014	0.217
T	0.183	0.044	0.217	0.057	-0.115	-0.007	0.009	-0.110	0.418
V	-0.260	0.009	-0.005	-0.066	-0.068	-0.146	-0.033	-0.019	-0.580
W	0.018	0.066	-0.256	-0.058	0.012	0.020	0.022	0.041	-0.261
Y	-0.185	0.059	-0.448	-0.015	0.013	-0.103	-0.005	0.049	0.176
Intercept	4.98563
