NumCols:	9
A	0.273	-0.097	-0.016	-0.264	0.039	0.007	-0.026	-0.501	0.014
C	0.105	0.300	0.148	0.026	0.001	0.000	0.009	0.227	0.000
D	0.437	0.224	0.327	-0.018	0.074	0.013	-0.025	0.154	0.000
E	0.344	-0.122	0.368	-0.106	0.070	-0.005	0.001	0.049	0.030
F	-0.062	0.201	-0.334	0.086	-0.035	0.002	-0.042	0.348	-0.458
G	-0.238	0.019	0.418	-0.178	-0.057	-0.001	0.048	0.021	0.000
H	-0.041	-0.133	-0.236	0.023	-0.015	-0.005	-0.006	0.349	0.236
I	0.240	0.063	0.288	-0.006	-0.075	0.006	-0.021	-0.360	-0.722
K	-0.321	-0.620	0.194	-0.091	0.135	0.001	0.088	0.114	1.144
L	-0.030	0.470	-0.301	0.066	-0.051	-0.003	0.077	-0.333	-1.365
M	-0.613	-0.811	-0.224	-0.063	0.003	0.003	-0.025	-0.011	-0.654
N	0.296	0.194	-0.136	-0.157	0.000	0.009	0.061	0.199	0.000
P	0.416	0.549	0.100	0.145	-0.066	-0.006	-0.030	-0.417	0.067
Q	0.162	-1.235	0.184	0.212	-0.015	-0.006	0.036	-0.084	0.000
R	-0.719	0.061	0.181	0.225	0.070	0.010	0.061	0.327	0.537
S	-0.066	0.293	-0.052	-0.004	-0.033	-0.020	-0.001	-0.260	0.000
T	0.452	0.220	0.426	0.108	0.050	0.010	0.006	-0.234	0.000
V	0.330	0.207	-0.181	0.146	-0.041	0.002	-0.119	-0.082	-0.171
W	-0.673	-0.000	-0.609	-0.092	-0.075	-0.007	-0.052	0.324	0.071
Y	-0.291	0.214	-0.544	-0.059	0.020	-0.008	-0.039	0.171	1.270
Intercept	5.4796
