NumCols:	10
A	0.279	-0.591	-0.537	-0.122	-0.035	-0.042	0.000	-0.202	-0.029	0.449
C	0.118	0.967	0.108	-0.184	-0.080	0.113	0.000	-0.038	0.169	0.489
D	-0.088	1.084	0.348	-0.105	0.165	0.039	0.003	0.129	0.320	0.060
E	-0.452	0.154	0.506	0.092	0.252	0.046	0.022	-0.139	-0.041	0.769
F	-0.457	-0.322	-0.564	-0.286	-0.196	-0.160	-0.007	-0.215	-0.343	-0.039
G	0.373	0.168	0.365	-0.094	-0.076	0.112	-0.008	0.350	-0.004	0.000
H	-0.239	-0.190	0.050	0.181	-0.005	0.008	0.006	0.042	0.148	-0.033
I	-0.001	-0.688	-0.472	-0.138	-0.122	-0.221	0.004	-0.209	0.106	-0.305
K	0.734	0.614	0.251	0.257	0.256	0.219	0.011	0.358	0.123	-1.671
L	0.091	-0.142	0.119	0.167	-0.069	0.049	-0.010	0.044	-0.282	0.113
M	-0.650	-0.367	-0.476	-0.158	-0.110	-0.078	-0.005	-0.096	-0.052	0.242
N	-0.369	0.004	0.213	0.018	0.023	-0.009	-0.007	-0.032	0.072	0.980
P	0.911	0.055	0.005	-0.016	-0.029	0.105	0.015	0.119	-0.099	0.583
Q	-0.060	0.308	0.261	0.199	0.228	0.035	0.012	0.242	0.162	0.642
R	0.248	0.473	0.383	0.265	0.167	0.048	0.011	0.433	0.120	-2.015
S	-0.069	-0.540	-0.179	-0.104	-0.018	-0.114	-0.018	-0.143	0.140	0.000
T	-0.325	-0.983	-0.047	0.023	0.020	0.046	-0.017	-0.058	-0.141	0.180
V	0.438	-0.877	-0.146	0.009	-0.303	-0.137	0.008	-0.094	0.146	0.134
W	-0.063	0.670	0.204	0.015	-0.008	-0.026	-0.008	-0.210	-0.010	0.217
Y	-0.418	0.205	-0.394	-0.019	-0.060	-0.033	-0.013	-0.279	-0.504	-0.794
Intercept	4.79599
