NumCols:	9
A	0.125	0.143	-0.246	-0.040	0.093	-0.053	-0.029	-0.016	0.238
C	0.041	0.565	-0.000	0.024	-0.043	-0.102	0.142	0.151	0.122
D	0.252	0.499	0.309	-0.072	0.037	-0.036	0.316	-0.040	0.380
E	0.423	0.530	0.509	0.082	0.147	0.165	0.136	-0.070	0.399
F	-0.330	-0.772	-0.441	-0.208	-0.075	-0.088	-0.356	-0.170	-0.705
G	-0.041	0.457	0.106	-0.054	-0.078	-0.034	0.016	0.058	0.428
H	0.190	-0.006	-0.018	-0.004	-0.037	-0.090	-0.196	0.102	-0.370
I	-0.091	-0.193	-0.293	0.053	-0.117	0.112	0.069	0.175	-0.006
K	0.242	0.587	0.419	0.192	0.146	0.170	0.313	0.046	0.153
L	-0.018	-0.318	-0.108	0.025	-0.091	0.005	-0.493	-0.450	0.097
M	-0.491	-0.880	-0.113	0.078	-0.052	-0.003	-0.031	-0.064	-0.557
N	0.099	-0.018	0.026	0.018	0.026	0.075	0.164	0.044	0.208
P	0.271	0.246	0.293	-0.115	0.033	-0.017	-0.057	-0.068	0.482
Q	-0.037	0.229	0.070	-0.046	0.011	-0.022	0.146	-0.012	0.153
R	0.154	0.477	0.203	0.064	0.123	0.059	0.256	0.017	0.296
S	-0.049	0.095	-0.022	-0.058	0.134	-0.013	0.114	0.113	0.287
T	-0.040	-0.311	0.056	0.035	-0.016	-0.103	-0.001	0.050	0.371
V	0.011	-0.451	0.021	0.053	0.034	0.053	0.103	0.206	0.065
W	-0.201	-0.449	-0.442	-0.014	-0.179	-0.044	-0.083	0.191	-0.054
Y	-0.511	-0.432	-0.329	-0.011	-0.095	-0.035	-0.529	-0.263	-1.989
Intercept	4.45576
