NumCols:	10
A	-0.054	0.094	-0.275	-0.175	-0.113	0.074	-0.004	-0.409	-0.374	-0.102
C	0.000	0.000	0.024	0.242	0.018	-0.041	0.040	-0.310	0.038	0.000
D	0.000	0.000	0.289	-0.024	0.141	-0.053	-0.051	0.769	0.201	0.000
E	0.520	-0.305	0.421	-0.133	0.092	0.017	0.013	0.145	-0.148	0.000
F	-0.158	0.000	-0.165	-0.211	0.133	0.038	0.118	-0.153	-0.076	-1.230
G	0.183	0.202	0.437	0.122	0.015	0.011	0.004	0.183	0.555	0.550
H	-0.009	-0.405	-0.055	0.055	0.018	0.018	-0.074	0.079	0.133	0.298
I	-0.377	-0.171	-0.429	-0.008	-0.132	-0.034	0.060	-0.236	-0.339	-0.055
K	0.207	0.526	-0.070	0.170	0.098	0.026	0.100	0.111	0.356	1.210
L	-0.365	-0.667	-0.157	0.176	0.064	0.054	-0.127	-0.196	0.146	-0.130
M	-0.074	-0.888	-0.214	-0.508	-0.068	-0.007	-0.040	-0.128	0.367	-0.914
N	0.062	0.785	-0.075	0.158	-0.113	-0.017	0.023	-0.172	-0.168	0.000
P	0.164	0.990	0.175	-0.340	0.143	-0.004	-0.202	0.413	-0.029	0.000
Q	0.054	-1.245	-0.200	0.003	0.055	-0.043	0.094	-0.097	0.288	0.241
R	-0.242	0.437	-0.019	0.291	0.000	0.017	0.040	0.226	0.770	1.140
S	-0.081	0.108	0.139	0.012	-0.189	-0.012	0.074	-0.033	-0.792	0.000
T	0.141	0.241	0.392	-0.089	-0.049	-0.121	-0.078	0.022	-0.194	0.000
V	0.136	-0.519	-0.155	-0.032	-0.139	0.017	-0.053	-0.144	-0.662	0.408
W	-0.110	0.356	0.150	0.041	-0.025	0.008	0.078	0.107	0.262	0.186
Y	0.002	0.463	-0.214	0.250	0.048	0.053	-0.016	-0.179	-0.335	-1.604
Intercept	3.66225
