NumCols:	10
A	0.015	-0.089	-0.041	0.052	-0.000	-0.097	-0.002	-0.202	-0.005	0.159
C	0.109	0.050	0.114	0.018	0.000	0.104	-0.011	-0.104	-0.003	0.055
D	0.151	0.234	0.123	-0.003	0.000	0.097	0.007	0.115	0.065	0.000
E	0.193	0.392	0.224	0.101	0.000	0.173	0.007	0.133	0.011	0.000
F	0.211	-0.129	-0.275	-0.045	-0.000	-0.014	0.004	0.000	-0.279	-0.013
G	0.009	0.063	-0.024	-0.101	-0.000	0.093	0.007	-0.484	0.197	0.000
H	-0.068	-0.106	0.138	0.022	0.000	0.019	-0.000	-0.062	0.233	0.000
I	-0.274	-0.059	-0.081	-0.035	-0.000	-0.074	0.012	-0.004	0.123	0.210
K	-0.145	-0.091	-0.113	-0.009	0.000	0.058	0.003	0.041	-0.036	0.165
L	-0.032	0.029	0.087	-0.062	0.000	0.185	-0.004	0.252	-0.225	0.054
M	-0.069	-0.506	-0.028	-0.015	-0.000	0.128	-0.005	0.103	-0.016	0.024
N	0.330	0.273	-0.035	-0.101	-0.000	-0.154	-0.000	-0.053	-0.051	0.000
P	0.179	0.503	0.244	0.049	-0.000	-0.008	0.005	0.043	0.159	0.000
Q	0.083	-0.019	-0.136	0.055	0.000	0.144	-0.009	0.172	0.080	0.269
R	-0.691	0.408	0.139	-0.017	0.000	0.013	-0.001	0.063	-0.128	-0.121
S	-0.135	-0.501	-0.087	-0.042	-0.000	-0.094	-0.002	-0.133	-0.090	0.000
T	0.091	-0.290	0.218	-0.024	0.000	-0.064	-0.004	0.215	0.084	0.003
V	-0.079	0.053	-0.063	0.050	-0.000	-0.379	0.007	0.199	0.102	0.064
W	0.098	0.020	-0.096	0.060	-0.000	-0.150	-0.010	-0.046	0.077	0.531
Y	0.025	-0.237	-0.307	0.048	-0.000	0.022	-0.005	-0.245	-0.297	-1.402
Intercept	4.04038
