NumCols:	11
A	-0.237	-0.737	0.058	0.007	0.000	0.042	0.105	0.009	0.012	0.633	-0.028
C	0.000	1.447	-0.022	0.003	0.000	-0.137	-0.039	0.000	0.004	0.000	0.000
D	0.127	-0.373	0.002	0.006	0.000	0.083	-0.030	0.005	-0.001	0.080	0.000
E	0.003	0.688	0.000	-0.002	-0.000	0.078	-0.083	-0.010	0.009	-0.134	0.157
F	0.245	-0.356	-0.176	-0.018	-0.000	-0.020	0.035	0.000	-0.030	-0.466	0.187
G	-0.004	0.000	-0.004	0.018	0.000	-0.073	-0.005	0.010	0.000	-0.149	0.000
H	-0.084	0.000	0.048	-0.015	0.000	0.062	0.031	0.005	0.000	0.603	0.000
I	0.096	-0.038	0.016	0.000	0.000	0.123	-0.064	-0.021	-0.004	0.054	-0.156
K	-0.026	0.000	-0.065	0.012	0.000	-0.042	-0.070	-0.012	-0.014	0.151	-1.543
L	-0.081	0.160	0.074	0.003	0.000	-0.003	0.130	0.005	0.016	-0.179	0.318
M	-0.064	-0.235	0.037	-0.003	0.000	-0.025	0.000	0.005	-0.009	0.153	0.589
N	0.000	0.000	0.021	-0.008	0.000	0.100	0.020	-0.011	0.016	0.184	0.000
P	0.173	0.014	0.092	-0.021	-0.000	-0.023	-0.033	0.022	0.008	-0.237	0.043
Q	0.154	-0.271	0.019	-0.006	0.000	-0.178	0.018	0.010	-0.005	0.357	-0.683
R	-0.036	0.731	-0.002	0.010	-0.000	0.125	0.000	-0.003	0.008	-0.672	-0.406
S	-0.451	-0.433	0.055	-0.004	-0.000	0.079	0.183	0.009	0.014	0.157	0.287
T	-0.086	-0.564	-0.010	0.008	-0.000	-0.254	-0.115	0.007	-0.060	0.232	0.160
V	-0.036	-0.413	-0.042	0.006	0.000	-0.039	-0.023	-0.025	0.044	0.284	0.598
W	0.000	0.000	0.000	-0.002	0.000	0.061	0.013	-0.003	-0.002	-0.399	0.480
Y	0.307	0.380	-0.101	0.004	0.000	0.042	-0.074	-0.003	-0.007	-0.651	-0.004
Intercept	4.0931
