NumCols:	8
A	0.105	0.195	0.011	0.073	0.013	0.352	0.124	0.159
C	0.005	0.004	0.010	0.000	0.003	0.062	0.000	0.010
D	0.000	-0.064	-0.013	-0.172	-0.000	0.039	-0.229	0.000
E	0.028	0.006	-0.028	0.258	-0.022	0.081	0.110	0.000
F	0.164	0.092	-0.005	0.049	0.015	-0.730	-0.376	-0.053
G	-0.010	0.152	0.000	0.440	-0.031	0.001	-0.139	0.000
H	-0.052	0.014	0.003	0.002	0.000	-0.030	0.124	0.000
I	0.000	0.119	0.032	-0.174	-0.010	0.026	0.009	-0.081
K	0.202	0.000	0.021	-0.013	0.040	0.192	-0.098	0.260
L	-0.032	-0.090	0.001	-0.427	-0.013	-0.319	-1.150	0.063
M	0.132	0.038	0.018	0.026	0.004	0.019	0.007	0.095
N	0.026	0.000	-0.018	0.109	0.019	0.206	0.160	0.000
P	-0.045	0.014	-0.070	-0.051	0.040	-0.125	-0.018	0.000
Q	-0.008	0.016	0.004	0.059	-0.039	0.152	0.000	0.000
R	-0.186	-0.042	-0.027	0.017	0.017	-0.125	0.205	-0.219
S	0.087	0.040	-0.009	-0.097	0.012	0.118	0.345	0.000
T	-0.113	-0.082	0.002	-0.035	-0.028	-0.023	0.507	-0.126
V	-0.061	-0.026	0.000	0.034	-0.004	0.034	0.260	0.349
W	-0.046	0.000	0.041	-0.018	0.000	-0.084	0.000	-0.430
Y	-0.196	-0.387	0.027	-0.080	-0.015	0.155	0.159	-0.029
Intercept	4.4944
