NumCols:	9
A	0.237	0.274	0.001	-0.070	0.011	0.189	0.057	0.100	-0.003
C	-0.060	0.257	0.093	0.005	-0.168	-0.187	0.231	0.044	0.724
D	0.514	0.449	0.326	0.060	0.176	0.126	0.253	0.022	-0.000
E	0.297	0.412	0.211	0.023	0.117	0.135	-0.078	0.000	0.797
F	-0.048	-0.891	-0.231	-0.109	0.066	-0.344	-0.445	-0.042	-1.563
G	0.106	0.064	0.052	0.053	0.072	0.177	0.373	0.118	0.698
H	0.068	0.174	0.094	-0.010	0.090	0.067	-0.231	-0.058	0.521
I	-0.117	0.201	-0.331	-0.012	-0.112	-0.110	0.245	0.037	-0.903
K	-0.089	0.503	0.185	0.017	0.213	0.131	0.202	-0.024	-0.002
L	0.004	-0.072	-0.256	0.042	0.020	-0.179	-0.250	-0.130	-0.628
M	-0.473	-0.321	-0.289	0.029	-0.139	0.108	-0.153	0.018	-0.318
N	0.078	0.069	0.142	-0.021	-0.157	-0.012	0.037	-0.060	0.017
P	0.065	0.432	0.237	-0.030	0.141	-0.191	-0.015	0.005	0.351
Q	0.070	0.096	-0.134	-0.008	0.203	0.252	0.069	0.032	0.189
R	-0.106	0.274	0.125	0.008	0.137	0.075	0.452	-0.041	0.471
S	0.223	0.072	0.177	-0.091	-0.031	0.130	0.005	0.055	0.381
T	-0.220	0.181	0.126	0.121	-0.130	-0.112	0.177	-0.130	0.524
V	-0.195	0.024	-0.092	0.009	-0.149	0.114	-0.066	0.037	-0.166
W	0.051	-0.791	-0.175	-0.032	-0.280	-0.119	-0.443	0.033	-1.005
Y	-0.405	-1.406	-0.261	0.017	-0.078	-0.251	-0.421	-0.016	-0.085
Intercept	4.66943
