NumCols:	9
A	-0.054	0.553	-0.108	-0.026	0.418	-0.166	0.453	0.176	0.993
C	0.037	0.053	-0.025	0.005	-0.133	-0.002	0.169	-0.043	0.638
D	0.555	0.345	-0.001	0.010	0.156	0.165	0.171	-0.244	0.019
E	0.622	0.096	0.283	0.014	0.067	0.061	0.488	-0.303	0.602
F	0.061	-0.070	-0.147	-0.010	-0.256	-0.117	-0.599	-0.735	-0.537
G	0.811	0.244	-0.069	0.026	-0.196	0.081	-0.354	0.134	0.184
H	0.016	-0.261	-0.071	-0.002	0.314	-0.140	-0.162	0.065	-0.481
I	-0.029	-0.484	-0.101	-0.002	-0.462	0.010	0.122	-0.066	0.474
K	-0.594	0.635	0.109	-0.030	0.060	0.216	0.523	0.376	-0.120
L	0.171	-0.769	-0.078	0.003	-0.279	-0.001	-1.207	-0.587	0.063
M	-0.161	-0.549	0.003	0.002	-0.214	-0.170	-0.744	-0.108	-0.483
N	-0.079	0.227	-0.063	0.007	0.149	0.061	0.306	0.128	0.000
P	-0.068	0.443	0.134	-0.003	0.315	0.057	0.146	0.073	0.000
Q	-0.033	0.270	-0.023	0.003	-0.299	0.037	0.320	0.267	0.814
R	-0.574	0.116	0.103	-0.014	0.072	0.137	0.288	-0.183	0.046
S	-0.194	0.161	0.121	0.009	0.442	-0.064	0.376	0.160	0.075
T	-0.037	-0.581	-0.026	-0.002	0.037	-0.255	0.593	0.018	0.100
V	-0.157	-0.799	0.063	0.006	0.232	-0.040	0.176	0.534	-0.126
W	0.197	0.071	-0.022	0.003	-0.348	0.009	-0.869	0.591	0.323
Y	-0.493	0.300	-0.080	-0.000	-0.077	0.123	-0.195	-0.253	-2.587
Intercept	5.91501
