NumCols:	10
A	-0.259	0.404	0.003	-0.174	0.101	-0.095	-0.000	0.071	-0.072	0.029
C	0.341	0.000	0.016	0.000	-0.303	0.031	-0.000	-0.002	0.102	0.000
D	0.853	0.224	0.087	0.237	0.284	0.148	-0.000	-0.059	0.205	0.000
E	0.258	-1.679	0.165	-0.005	-0.023	0.046	0.000	0.047	-0.051	0.000
F	-0.441	-0.113	-0.355	-0.195	-0.164	-0.087	-0.000	-0.380	0.006	-0.311
G	-0.338	0.098	0.299	-0.098	-0.074	0.075	0.000	0.081	0.071	0.449
H	-0.207	0.014	-0.035	-0.043	0.064	0.087	0.000	-0.174	-0.120	0.000
I	-0.391	0.032	-0.091	0.265	0.079	-0.083	0.000	0.033	-0.138	-0.446
K	-0.172	0.027	0.037	-0.019	0.023	0.072	-0.000	0.326	0.144	0.581
L	0.153	0.219	0.127	-0.050	-0.123	0.017	-0.000	-0.150	0.088	-0.699
M	-0.150	0.201	-0.050	-0.082	-0.154	-0.072	-0.000	-0.108	0.257	-0.524
N	0.628	0.200	-0.124	0.237	0.019	0.068	0.000	0.270	-0.026	0.000
P	0.871	0.568	0.170	0.133	0.012	-0.083	0.000	-0.029	-0.276	0.000
Q	-0.276	0.117	-0.123	0.198	0.072	-0.014	0.000	0.110	-0.107	0.249
R	-0.775	0.077	0.019	-0.243	0.074	-0.132	0.000	0.138	0.176	0.041
S	-0.064	-0.110	-0.106	-0.130	-0.148	-0.010	0.000	0.071	-0.081	0.146
T	-0.021	-0.256	0.143	0.217	0.014	0.119	-0.000	-0.053	-0.147	0.150
V	0.249	-0.046	0.033	-0.026	0.083	-0.068	0.000	-0.038	0.011	-0.373
W	-0.164	0.016	-0.024	-0.146	0.025	0.019	-0.000	0.032	0.073	0.264
Y	-0.096	0.006	-0.189	-0.075	0.139	-0.039	-0.000	-0.186	-0.115	0.444
Intercept	4.66289
