NumCols:	8
A	-0.000	0.000	0.000	-0.217	0.059	0.000	0.015	0.071
C	0.000	0.000	0.000	-0.603	0.133	0.000	0.000	0.157
D	0.000	0.000	0.000	0.539	0.000	0.000	-0.118	0.000
E	0.000	0.000	0.000	0.326	0.025	0.000	0.036	0.000
F	0.000	0.000	-0.000	-0.000	-0.239	-0.000	0.031	0.593
G	0.000	0.000	0.000	0.032	-0.782	-0.000	0.012	0.000
H	-0.000	-0.000	0.000	0.054	0.000	0.000	0.018	0.000
I	0.000	0.000	-0.000	-0.823	0.079	0.000	-0.014	0.230
K	-0.000	0.000	0.000	0.033	0.123	0.000	0.032	0.328
L	-0.000	0.000	0.000	0.025	0.064	-0.000	-0.072	0.124
M	-0.000	-0.000	0.000	0.084	-0.064	0.000	0.017	0.134
N	0.000	0.000	0.000	0.146	0.025	-0.000	0.000	0.000
P	0.000	0.000	0.000	0.034	0.227	0.000	-0.082	0.000
Q	0.000	0.000	0.000	0.084	-0.132	0.000	0.000	0.000
R	-0.000	0.000	0.000	0.363	0.159	0.000	0.025	0.122
S	0.000	-0.000	-0.000	-0.469	-0.093	-0.000	-0.082	0.000
T	0.000	-0.000	0.000	0.249	0.379	-0.000	0.057	0.176
V	0.000	-0.000	0.000	0.175	0.031	-0.000	0.091	-0.513
W	-0.000	0.000	-0.000	-0.139	0.000	0.000	0.000	0.076
Y	-0.000	-0.000	-0.000	0.106	0.005	0.000	0.034	-1.499
Intercept	4.4224
