NumCols:	9
A	0.070	-0.572	0.416	-0.116	-0.104	0.023	0.178	0.315	0.000
C	0.154	0.000	0.131	0.279	-0.013	0.151	0.024	0.068	0.000
D	0.094	0.716	-0.358	-0.311	0.015	0.263	0.131	-0.338	0.000
E	0.224	0.941	0.290	-0.571	0.125	0.014	-0.069	-0.310	0.000
F	-0.566	-0.135	-0.697	0.472	0.128	0.206	0.299	0.109	-0.099
G	0.178	0.000	0.299	-0.309	0.156	-0.103	0.252	0.192	0.000
H	0.422	0.849	-0.482	0.284	-0.724	0.114	-0.103	0.147	0.000
I	0.329	-0.117	0.076	0.869	0.267	-0.179	0.012	-0.131	-0.449
K	0.467	0.609	0.100	0.257	-0.043	0.065	0.061	0.189	1.048
L	0.184	0.126	0.407	0.248	0.297	0.012	-0.042	-0.519	-0.535
M	-0.424	-0.144	-0.340	-0.044	0.187	0.121	-0.129	-0.180	-0.577
N	-0.473	0.000	-0.539	-0.265	-0.064	-0.182	0.038	0.032	0.000
P	0.000	0.842	0.139	-0.186	0.004	-0.070	-0.003	0.784	0.000
Q	0.152	-0.251	0.261	-0.451	0.103	-0.070	-0.277	0.057	0.000
R	0.180	-1.878	-0.119	0.295	-0.367	-0.150	-0.535	0.088	1.544
S	-0.241	-0.892	-0.226	0.089	0.130	-0.267	-0.043	0.068	0.000
T	-0.112	-0.191	0.126	-0.125	-0.046	-0.034	0.073	-0.068	0.000
V	-0.288	-0.385	0.683	-0.461	0.568	-0.272	0.041	0.044	-0.727
W	0.182	1.173	0.197	-0.069	-0.288	0.130	-0.055	-0.064	0.132
Y	-0.532	-0.690	-0.364	0.113	-0.332	0.227	0.149	-0.483	-0.336
Intercept	4.48581
