NumCols:	11
A	-0.009	-0.000	0.063	0.005	0.014	-0.074	0.087	0.163	-0.000	-0.300	0.387
C	-0.037	0.000	0.002	0.111	0.003	0.013	-0.070	0.000	0.000	0.000	0.000
D	-0.012	0.000	0.039	-0.083	0.016	0.005	0.026	0.000	0.000	0.187	0.000
E	0.008	0.000	-0.010	0.182	0.021	-0.031	-0.017	0.153	0.000	-0.531	0.000
F	-0.066	-0.000	-0.199	0.002	-0.056	-0.015	-0.018	0.023	-0.000	-0.108	-0.370
G	-0.031	0.000	-0.059	-0.086	-0.010	0.013	-0.016	-0.091	0.000	-0.019	0.000
H	0.044	0.000	0.035	0.030	0.000	0.015	-0.046	-0.382	0.000	0.114	0.000
I	0.021	-0.000	0.139	0.000	-0.023	-0.044	0.005	-0.177	-0.000	0.114	-0.010
K	0.021	0.000	0.039	-0.097	0.013	0.014	0.010	-0.081	-0.000	0.039	0.454
L	0.003	-0.000	-0.095	0.046	-0.126	0.020	0.047	0.200	-0.000	-0.280	0.410
M	-0.057	0.000	-0.018	0.012	0.018	-0.000	0.000	-0.107	0.000	0.047	0.272
N	-0.023	0.000	0.032	-0.006	0.030	0.013	0.033	0.043	0.000	0.345	0.000
P	0.009	-0.000	0.053	-0.267	0.048	0.035	0.009	-0.060	-0.000	0.098	0.227
Q	0.068	0.000	0.123	-0.051	0.023	-0.012	0.028	0.008	0.000	0.061	0.000
R	0.111	0.000	-0.133	0.023	-0.036	0.073	-0.036	-0.000	0.000	0.633	0.422
S	0.005	-0.000	-0.027	0.139	0.052	-0.051	0.098	0.228	0.000	-0.349	0.377
T	-0.013	-0.000	-0.016	0.156	0.000	-0.016	0.060	-0.058	0.000	0.070	-0.728
V	0.010	-0.000	-0.002	-0.125	0.018	0.017	-0.076	-0.021	-0.000	0.046	-0.032
W	-0.012	0.000	0.052	0.025	0.000	0.003	-0.070	0.123	-0.000	0.119	0.193
Y	-0.042	0.000	-0.017	-0.018	-0.005	0.019	-0.054	0.034	-0.000	-0.286	-1.602
Intercept	4.15163
