NumCols:	10
A	0.212	0.055	0.116	-0.011	0.117	-0.032	0.063	-0.147	-0.125	0.000
C	-0.068	0.331	-0.142	-0.050	-0.157	-0.066	-0.109	-0.156	-0.218	0.000
D	-0.379	0.573	0.215	-0.007	0.128	0.233	0.142	0.388	0.317	0.000
E	-0.226	0.232	0.295	0.091	0.288	0.098	0.200	0.036	0.034	0.105
F	-0.400	-0.653	-0.174	-0.074	-0.262	-0.191	-0.217	-0.403	-0.496	0.268
G	0.336	-0.112	0.139	-0.056	0.122	0.102	0.055	0.297	0.134	0.000
H	0.040	0.281	-0.017	0.000	0.066	-0.009	-0.139	-0.001	0.167	0.104
I	-0.063	-0.153	-0.060	-0.062	-0.077	-0.108	0.014	-0.118	0.144	0.179
K	0.471	0.550	0.097	0.122	0.050	0.114	-0.037	0.253	0.110	-0.243
L	0.068	0.037	-0.074	-0.033	-0.110	0.002	-0.133	-0.099	-0.112	0.191
M	-0.473	-0.374	-0.302	-0.082	-0.102	-0.136	-0.079	-0.212	0.065	-0.281
N	-0.161	-0.267	0.027	0.030	0.038	0.167	0.125	0.104	0.034	0.000
P	0.401	0.455	0.183	0.088	0.079	0.122	0.223	0.310	-0.133	0.000
Q	0.078	0.247	0.088	0.079	-0.003	0.053	0.145	0.255	-0.010	0.391
R	0.324	0.393	0.006	-0.011	-0.153	0.002	-0.123	0.093	0.038	-1.516
S	-0.051	0.012	0.054	-0.027	0.085	-0.072	0.039	-0.120	0.074	0.000
T	-0.023	-0.127	0.067	0.044	0.041	0.023	-0.040	0.031	0.032	0.198
V	0.151	-0.130	0.092	0.054	-0.117	-0.082	0.128	-0.055	0.255	0.092
W	-0.034	-0.180	-0.333	-0.085	-0.020	-0.138	-0.047	-0.357	-0.043	0.349
Y	-0.201	-1.172	-0.276	-0.009	-0.014	-0.083	-0.209	-0.098	-0.267	0.163
Intercept	4.2855
