NumCols:	8
A	-0.054	0.118	-0.019	0.000	-0.161	0.000	0.003	0.001
C	0.014	0.086	0.020	0.000	0.012	0.000	-0.011	0.001
D	0.076	-0.446	-0.017	0.000	0.000	-0.000	0.002	0.000
E	0.045	-0.550	0.000	-0.000	0.277	0.000	-0.017	0.000
F	-0.010	0.113	0.015	-0.000	0.185	0.000	-0.010	-0.003
G	-0.056	0.075	0.000	0.000	-0.497	0.000	0.006	0.001
H	0.028	0.060	0.000	0.000	0.241	-0.000	0.004	0.000
I	-0.072	0.085	0.002	0.000	0.305	0.000	0.006	-0.003
K	0.022	0.000	0.034	-0.000	0.094	0.000	-0.009	0.002
L	0.000	0.231	-0.028	-0.000	-1.050	-0.000	-0.011	-0.008
M	0.018	0.070	0.000	-0.000	0.296	-0.000	0.010	0.001
N	0.000	0.011	-0.008	0.000	0.479	-0.000	0.007	0.000
P	0.005	0.165	0.028	0.000	0.013	-0.000	-0.010	0.000
Q	0.000	-0.195	0.025	-0.000	-0.095	0.000	0.000	0.000
R	0.044	0.025	-0.054	0.000	0.073	-0.000	0.008	0.001
S	0.000	0.018	-0.001	0.000	0.015	0.000	0.007	0.000
T	-0.050	-0.022	0.016	0.000	0.177	0.000	0.002	0.000
V	0.004	0.074	0.000	0.000	-0.425	-0.000	0.009	0.001
W	-0.001	0.000	0.029	0.000	0.161	0.000	0.000	0.001
Y	-0.011	0.083	-0.042	-0.000	-0.100	-0.000	0.005	0.004
Intercept	4.5203
