NumCols:	10
A	-0.367	-0.031	-0.008	-0.116	-0.186	-0.059	0.077	-0.082	-0.009	0.001
C	-0.012	0.609	-0.008	-0.078	-0.066	0.048	-0.036	-0.076	0.102	0.215
D	0.527	0.881	0.238	0.040	0.419	0.427	0.521	0.334	0.363	0.265
E	0.683	0.454	0.543	0.385	0.399	0.279	0.477	0.236	0.093	0.187
F	0.107	-0.007	-0.192	-0.322	-0.218	-0.066	-0.251	-0.113	-0.335	0.038
G	-0.097	0.372	0.170	-0.057	-0.100	-0.004	-0.079	0.140	-0.065	0.157
H	-0.149	-0.304	-0.029	0.143	-0.150	-0.035	-0.108	0.024	0.009	0.008
I	-0.275	-0.641	-0.121	0.029	0.089	-0.137	-0.018	-0.156	0.241	0.185
K	-0.462	0.616	0.167	0.180	-0.027	-0.031	0.125	0.291	0.135	-1.838
L	-0.101	-0.835	-0.318	0.047	0.021	0.038	-0.232	-0.363	-0.223	0.246
M	-0.427	-0.867	-0.550	-0.098	0.020	-0.007	-0.254	-0.362	-0.079	-0.003
N	0.273	0.710	-0.020	-0.126	0.105	0.050	0.117	0.256	0.029	-0.101
P	0.739	0.203	0.286	-0.019	0.043	-0.148	-0.006	0.053	-0.129	0.196
Q	0.056	-0.091	0.267	0.137	0.009	0.012	0.152	0.277	0.233	0.908
R	-0.585	0.479	-0.130	0.022	-0.082	-0.056	-0.057	0.001	0.048	-0.685
S	-0.130	-0.300	-0.060	0.008	0.152	-0.073	-0.161	-0.206	0.009	0.297
T	-0.013	-0.571	0.210	0.008	-0.002	-0.175	-0.169	-0.014	-0.031	0.350
V	0.000	-0.551	0.054	0.115	-0.049	-0.069	0.057	-0.023	0.120	0.349
W	0.144	0.115	0.101	-0.020	-0.333	-0.019	-0.010	-0.130	-0.148	0.127
Y	0.087	-0.240	-0.602	-0.277	-0.044	0.025	-0.143	-0.088	-0.364	-0.903
Intercept	4.7022
