NumCols:	9
A	-0.034	0.235	-0.004	-0.149	-0.079	-0.098	-0.017	-0.104	-0.736
C	-0.353	-0.142	-0.218	-0.226	0.124	0.149	-0.204	0.006	-0.259
D	0.743	1.182	-0.179	-0.413	0.086	0.307	0.101	0.440	-0.000
E	0.733	0.825	0.585	-0.607	0.040	0.095	-0.000	-0.073	1.007
F	-0.654	-0.434	-0.357	0.027	0.044	0.085	-0.258	-0.039	0.332
G	-0.039	-0.013	-0.105	-0.153	0.015	0.035	0.249	-0.165	-0.395
H	0.417	1.426	-0.039	0.166	-0.009	-0.284	-0.206	-0.103	1.586
I	-0.322	-1.322	0.009	-0.083	-0.072	-0.340	-0.128	0.542	-1.204
K	-0.285	1.069	0.639	0.154	0.074	0.100	0.379	0.147	1.009
L	-0.078	-1.935	-0.282	0.337	0.049	-0.267	0.282	0.287	-1.075
M	-0.380	-2.185	-0.221	-0.112	0.096	0.099	0.030	-0.235	-0.948
N	0.081	0.929	-0.059	0.131	-0.091	0.141	0.267	-0.001	-1.105
P	0.432	0.844	0.007	0.080	-0.110	-0.003	0.017	-0.136	0.482
Q	0.548	-0.943	-0.210	0.289	0.086	0.144	0.004	-0.073	0.674
R	-0.130	0.935	0.751	0.249	0.198	0.417	0.145	-0.010	1.514
S	-0.148	0.007	0.097	-0.102	0.021	-0.059	0.050	0.123	-0.408
T	0.514	-0.847	0.582	0.378	-0.023	0.115	0.154	-0.185	-0.358
V	-0.274	-0.904	-0.021	0.370	-0.086	-0.320	-0.111	0.027	-1.696
W	-0.224	0.863	-0.499	-0.303	-0.308	-0.155	-0.400	-0.134	0.699
Y	-0.548	0.410	-0.474	-0.030	-0.056	-0.163	-0.355	-0.315	0.883
Intercept	4.66433
