NumCols:	9
A	0.351	-0.546	-0.277	-0.017	-0.023	-0.051	-0.081	-0.106	-0.593
C	0.391	-0.300	0.011	-0.027	0.146	0.124	0.134	0.066	0.192
D	-0.269	0.078	-0.143	-0.171	0.101	0.253	0.186	0.247	0.092
E	-0.671	0.668	0.289	-0.261	0.472	0.207	0.237	0.064	0.632
F	-0.381	0.127	-0.291	-0.008	-0.251	-0.224	-0.369	-0.201	0.016
G	0.550	0.122	0.250	-0.041	-0.000	0.083	0.170	-0.159	0.270
H	-0.257	0.760	0.182	0.042	-0.023	0.029	-0.469	0.026	0.865
I	0.078	-0.591	-0.264	0.084	-0.099	-0.094	-0.222	0.331	-0.973
K	0.437	0.661	0.413	0.073	0.357	0.087	0.396	0.042	0.350
L	0.117	-0.467	-0.428	0.099	-0.050	-0.077	0.128	-0.018	-0.862
M	-0.511	-0.566	-0.483	0.060	0.127	-0.298	-0.120	-0.149	-0.949
N	-0.401	0.321	0.029	0.114	-0.074	-0.079	0.075	-0.110	0.300
P	0.609	-0.394	0.384	-0.020	-0.320	0.041	-0.176	-0.208	0.185
Q	-0.071	0.358	0.262	0.069	-0.011	0.149	0.203	-0.019	0.560
R	0.420	1.025	0.663	0.032	0.310	0.230	0.267	0.134	0.494
S	-0.128	-0.561	0.050	-0.046	0.078	-0.044	0.088	0.074	0.340
T	-0.178	-1.074	0.303	0.059	-0.153	-0.170	0.096	-0.021	-0.053
V	0.517	-0.950	-0.009	0.101	-0.069	-0.135	-0.024	0.169	-1.583
W	-0.178	1.111	-0.458	-0.144	-0.415	0.033	-0.297	0.096	0.299
Y	-0.426	0.218	-0.481	0.003	-0.102	-0.065	-0.222	-0.258	0.419
Intercept	4.95386
