NumCols:	9
A	0.113	0.319	0.017	0.061	0.000	-0.052	-0.015	0.043	-0.187
C	0.000	0.000	0.000	-0.235	-0.000	0.002	0.000	0.000	0.000
D	0.000	0.000	0.028	0.708	0.000	0.011	0.000	0.059	0.000
E	0.000	0.426	0.000	-0.180	0.000	0.000	-0.041	-0.070	0.000
F	-0.304	0.019	-0.084	-0.316	0.000	0.016	-0.074	0.000	0.119
G	0.033	0.000	0.000	0.416	-0.000	0.000	-0.037	-0.039	0.000
H	0.085	0.000	0.058	-0.104	-0.000	0.016	0.108	-0.043	0.000
I	0.000	0.122	-0.011	-0.119	-0.000	0.004	0.114	0.000	-0.064
K	-0.219	0.000	0.048	0.108	0.000	0.023	-0.062	0.059	0.000
L	0.287	-0.090	0.052	-0.169	-0.000	0.022	-0.056	-0.081	0.067
M	0.429	-0.496	0.008	-0.335	-0.000	0.000	0.071	0.070	0.083
N	0.000	0.000	0.013	0.391	-0.000	0.015	-0.021	-0.090	0.000
P	0.000	0.129	-0.042	-0.299	0.000	-0.028	-0.074	-0.053	0.000
Q	-0.558	-0.810	0.000	0.869	0.000	0.000	-0.100	0.019	0.000
R	-0.081	-0.700	0.021	-0.462	0.000	0.004	-0.021	0.163	0.000
S	0.194	-0.088	0.003	0.228	0.000	-0.017	0.094	-0.084	0.000
T	0.000	0.618	0.000	-0.290	-0.000	0.019	0.036	0.146	0.000
V	0.000	0.496	-0.026	0.000	0.000	-0.013	-0.028	0.082	-0.018
W	-0.095	0.000	-0.043	-0.070	-0.000	-0.022	0.026	-0.059	0.000
Y	0.116	0.055	-0.043	-0.203	-0.000	-0.000	0.080	-0.122	0.000
Intercept	1.18649
