NumCols:	9
A	-0.006	0.367	-0.165	0.037	-0.088	-0.077	-0.168	-0.059	-0.954
C	-0.835	-0.511	0.184	-0.278	0.039	0.033	-0.096	0.035	-0.480
D	0.907	0.558	-0.118	-0.291	-0.063	0.059	0.030	0.163	0.000
E	1.073	0.803	0.607	-0.550	-0.039	-0.058	0.370	-0.104	0.366
F	-0.782	-0.108	-0.252	-0.040	0.063	-0.059	-0.383	-0.034	0.303
G	-0.295	1.031	-0.052	-0.030	-0.042	0.093	0.488	-0.139	0.140
H	0.111	1.034	0.279	-0.009	0.064	0.005	-0.349	-0.032	0.932
I	-0.059	-1.191	-0.249	0.175	0.103	-0.206	-0.014	0.034	-1.284
K	-0.354	0.861	0.407	0.135	0.031	0.136	0.493	0.138	1.082
L	-0.324	-2.085	-0.292	0.241	0.005	-0.145	0.420	0.183	-1.237
M	-0.178	-2.283	-0.464	0.094	0.095	0.009	-0.037	-0.010	-0.640
N	-0.204	0.980	0.112	-0.045	-0.174	0.030	0.019	0.022	0.004
P	1.555	0.883	0.179	-0.011	0.074	0.097	-0.030	-0.322	0.280
Q	-0.024	-1.155	-0.467	0.172	0.067	0.072	0.058	0.081	0.875
R	0.084	0.792	0.744	0.099	0.307	0.308	0.315	0.133	0.980
S	-0.080	0.031	0.018	0.031	-0.014	-0.168	-0.037	0.040	0.150
T	0.191	-0.731	0.278	0.126	-0.065	-0.024	0.184	-0.159	-0.138
V	-0.166	-0.880	-0.097	0.025	-0.074	-0.191	-0.289	0.073	-1.771
W	0.044	0.801	-0.278	0.146	-0.181	0.169	-0.389	0.126	0.517
Y	-0.657	0.802	-0.374	-0.025	-0.106	-0.083	-0.584	-0.167	0.873
Intercept	5.39669
