NumCols:	9
A	-0.000	0.000	0.003	-0.000	-0.001	0.000	0.071	0.000	-0.001
C	0.001	0.000	0.000	0.000	0.000	0.000	0.001	0.000	0.000
D	0.000	0.000	0.001	-0.000	0.000	0.000	0.002	0.000	0.000
E	0.001	-0.000	0.000	-0.000	0.000	0.000	0.001	0.000	0.000
F	-0.004	0.000	-0.012	0.000	0.000	-0.000	-0.015	0.000	0.000
G	0.004	0.000	0.000	-0.000	-0.001	0.000	0.003	0.000	0.000
H	0.001	0.000	0.001	0.000	-0.002	0.000	0.027	-0.000	0.000
I	-0.005	-0.000	0.010	0.000	0.001	0.000	0.004	-0.000	-0.000
K	-0.002	0.000	0.000	-0.000	0.000	0.000	0.002	-0.000	0.000
L	0.002	-0.000	-0.013	-0.000	0.001	-0.000	0.002	0.000	0.001
M	0.003	0.000	0.022	0.000	0.001	0.000	0.024	0.000	-0.000
N	0.000	0.000	0.001	0.000	0.000	0.000	0.004	-0.000	0.000
P	0.000	0.000	0.002	0.000	0.002	0.000	-0.050	0.000	0.000
Q	0.000	-0.000	0.000	0.000	0.000	0.000	-0.009	-0.000	0.000
R	-0.017	0.000	0.013	0.000	-0.004	-0.000	-0.028	0.000	0.000
S	0.003	0.000	0.001	0.000	0.001	0.000	-0.003	-0.000	0.000
T	0.001	0.000	0.001	0.000	0.001	0.000	-0.004	0.000	0.000
V	0.001	-0.000	-0.003	0.000	0.001	-0.000	0.002	-0.000	-0.000
W	0.001	0.000	0.002	0.000	-0.001	0.000	-0.008	0.000	0.000
Y	0.012	0.000	-0.030	0.000	-0.000	-0.000	-0.026	0.000	0.000
Intercept	3.70134
