NumCols:	8
A	0.039	-0.050	0.421	0.090	-0.286	0.012	0.017	0.063
C	0.021	0.175	0.067	0.000	0.118	0.008	0.000	0.061
D	0.000	0.479	0.330	-0.395	0.000	0.017	0.015	0.000
E	-0.036	0.342	0.000	-0.537	0.348	-0.053	0.059	0.000
F	0.006	0.379	0.048	-0.018	0.462	0.017	0.033	-0.002
G	-0.001	0.034	0.000	0.166	0.000	0.015	0.151	0.000
H	0.013	-0.012	0.000	0.151	0.225	-0.005	0.026	0.000
I	0.000	-0.798	0.094	0.074	-0.296	0.008	-0.175	-0.220
K	0.034	0.000	-0.439	-0.520	-1.486	-0.009	-0.035	0.416
L	0.000	-0.923	0.401	-0.086	0.578	0.001	-0.229	-0.326
M	-0.043	0.120	0.277	-0.136	0.092	0.010	-0.024	-0.264
N	0.000	0.172	0.194	-0.047	-0.135	0.017	0.013	0.000
P	0.107	-0.642	-0.284	0.532	0.506	-0.016	0.000	0.000
Q	0.000	0.060	0.000	0.330	-0.183	-0.076	0.000	0.000
R	0.103	0.492	-0.479	0.071	-1.112	0.026	-0.176	0.044
S	0.000	0.024	0.096	0.122	0.319	-0.004	0.014	0.000
T	-0.009	-0.031	-0.679	-0.069	0.176	0.077	0.037	0.165
V	0.006	0.411	0.000	0.038	0.311	0.053	-0.019	0.088
W	-0.052	0.000	0.129	0.024	0.148	-0.062	0.000	-0.140
Y	-0.189	-0.233	-0.176	0.208	0.213	-0.035	0.292	0.115
Intercept	4.34903
