NumCols:	9
A	0.497	-0.833	-0.097	-0.075	0.089	-0.085	0.076	-0.005	0.623
C	-0.346	0.190	0.217	0.042	-0.141	0.179	0.009	0.016	-0.079
D	0.331	0.217	-0.040	-0.152	-0.196	-0.112	0.026	0.173	0.000
E	0.055	0.306	0.198	-0.156	0.141	-0.161	-0.094	-0.037	0.210
F	-0.795	0.232	-0.021	-0.039	0.007	-0.147	-0.280	-0.072	-0.796
G	0.471	0.295	0.041	0.036	0.048	0.169	0.327	0.036	0.521
H	-0.190	0.068	-0.072	0.109	0.031	0.209	-0.034	-0.033	0.006
I	-0.259	-0.010	-0.277	-0.009	-0.127	-0.047	-0.027	0.010	-0.662
K	0.278	0.048	0.442	0.022	0.253	0.127	0.286	-0.054	0.075
L	-0.232	0.172	-0.128	0.136	-0.132	0.128	-0.338	-0.078	-0.195
M	-0.810	0.019	-0.298	0.066	-0.179	0.002	-0.084	0.029	-0.526
N	-0.094	-0.058	-0.219	0.010	0.128	-0.009	0.166	-0.029	0.000
P	0.475	-1.384	0.602	0.159	0.130	-0.113	-0.168	0.052	0.708
Q	0.283	0.136	0.155	0.126	-0.084	0.023	0.226	0.031	0.068
R	0.426	0.233	0.583	0.274	0.336	0.186	0.333	0.066	0.440
S	0.318	0.134	-0.186	-0.367	0.034	-0.158	0.052	0.020	0.996
T	0.024	0.233	-0.289	-0.055	-0.247	-0.137	-0.065	-0.136	0.451
V	0.136	-0.072	-0.037	0.094	0.045	-0.191	-0.022	0.081	0.332
W	-0.263	0.000	-0.298	-0.198	-0.038	0.065	-0.286	-0.021	-1.584
Y	-0.302	0.074	-0.276	-0.021	-0.099	0.074	-0.104	-0.050	-0.590
Intercept	4.62588
