NumCols:	9
A	0.013	-1.080	0.125	-0.000	-0.017	-0.521	0.108	0.292	0.000
C	0.000	0.000	0.131	-0.000	0.034	0.000	0.000	-0.195	0.000
D	0.000	0.000	0.098	-0.000	-0.007	-0.069	0.088	0.008	0.000
E	0.000	0.000	0.000	-0.000	-0.004	0.318	-0.125	-0.396	0.000
F	-0.035	0.607	0.038	0.000	0.018	-0.191	0.153	-0.016	0.626
G	0.094	-0.191	0.153	-0.000	0.042	-0.276	0.138	-0.116	0.000
H	-0.081	0.000	0.238	0.000	-0.028	-0.349	-0.199	0.434	0.000
I	-0.001	-0.809	-0.137	0.000	0.022	0.359	0.277	0.450	-0.470
K	-0.150	1.107	0.463	-0.000	0.014	0.213	-0.113	-0.013	0.000
L	0.183	0.398	0.130	0.000	-0.007	-0.119	-0.228	0.128	-0.328
M	-0.006	-0.046	-0.338	-0.000	0.001	0.098	-0.061	-0.019	-0.389
N	0.071	-0.521	-0.345	-0.000	-0.001	-0.077	-0.207	-0.026	0.000
P	0.000	0.484	0.058	-0.000	0.001	-0.360	0.222	-0.003	0.000
Q	0.000	0.087	-0.104	-0.000	-0.010	-0.412	-0.275	0.140	0.000
R	-0.356	1.857	0.218	0.000	-0.026	0.270	-0.018	0.067	0.000
S	-0.062	-1.499	-0.173	0.000	-0.003	-0.384	0.149	0.000	0.508
T	0.121	-1.095	0.027	0.000	0.012	0.152	-0.073	0.046	0.000
V	0.222	-0.570	-0.213	-0.000	-0.026	0.230	0.195	-0.494	-0.645
W	0.080	0.615	-0.064	0.000	-0.006	0.538	0.080	0.086	0.000
Y	-0.092	0.656	-0.305	0.000	-0.008	0.579	-0.109	-0.374	0.698
Intercept	3.65542
