NumCols:	9
A	0.450	-0.509	-0.614	-0.068	-0.156	0.087	-0.169	-0.053	-0.738
C	0.007	-0.163	0.303	-0.152	-0.017	0.059	-0.021	0.227	0.325
D	-0.081	0.390	0.514	-0.057	0.128	0.055	0.086	0.359	0.029
E	-0.831	0.581	0.472	-0.085	0.320	0.241	-0.075	-0.063	0.582
F	-0.513	0.021	-0.529	-0.196	-0.217	-0.343	-0.381	-0.289	0.142
G	0.763	-0.046	0.386	-0.071	0.161	0.236	0.024	-0.211	0.259
H	-0.207	0.953	-0.195	-0.053	0.140	0.043	-0.156	-0.081	0.274
I	0.112	-0.513	-0.392	0.096	-0.491	-0.160	-0.043	0.169	-0.885
K	0.639	0.427	0.401	0.174	0.234	0.222	0.532	0.184	0.772
L	0.212	-0.063	0.337	0.135	-0.078	0.038	0.291	-0.125	-0.730
M	-0.781	0.006	-0.581	0.016	0.035	-0.180	-0.169	0.135	-0.168
N	-0.342	-0.033	-0.029	0.132	0.055	-0.020	-0.076	0.007	0.121
P	0.890	0.352	-0.010	-0.102	-0.173	0.117	0.383	-0.351	-0.419
Q	-0.140	0.346	0.224	0.169	0.151	0.006	0.188	0.113	0.541
R	0.406	0.610	0.353	0.094	0.215	0.027	0.499	0.085	0.452
S	-0.023	-0.564	-0.164	0.052	0.041	-0.062	-0.015	-0.057	-0.252
T	-0.399	-1.100	-0.149	0.041	0.026	-0.259	0.002	0.134	-0.130
V	0.368	-0.932	-0.201	0.106	-0.358	-0.071	-0.175	0.119	-1.392
W	-0.256	0.317	0.027	-0.040	-0.005	-0.006	-0.314	0.011	0.613
Y	-0.275	-0.081	-0.152	-0.190	-0.011	-0.029	-0.412	-0.312	0.603
Intercept	4.58359
