NumCols:	8
A	-0.030	-0.779	-0.363	-0.064	-0.599	-0.049	-0.077	0.587
C	-0.015	0.762	0.574	0.085	-0.226	-0.219	0.127	-0.240
D	1.301	0.353	0.061	0.175	0.602	0.367	0.202	-0.443
E	0.826	1.213	0.181	0.002	0.730	0.204	0.183	0.549
F	-0.827	1.009	0.319	0.059	-0.164	-0.396	-0.351	-0.954
G	0.270	-0.221	0.256	0.111	-0.545	0.384	0.316	-0.109
H	-0.089	0.375	0.000	0.018	0.104	-0.266	-0.000	0.000
I	-0.280	0.168	-0.178	-0.136	-0.363	0.027	-0.130	-0.915
K	-0.050	1.225	0.122	0.104	0.556	0.326	0.286	0.000
L	-0.392	0.105	0.394	-0.053	0.203	-0.015	-0.603	-1.297
M	-0.510	0.019	-0.075	0.014	0.223	-0.037	-0.208	-1.116
N	0.635	0.751	0.146	-0.048	0.130	0.029	0.321	0.870
P	0.430	-0.366	-1.542	-0.378	-0.611	-0.035	0.024	0.447
Q	0.286	0.262	0.000	0.075	0.246	-0.084	0.061	0.097
R	-0.346	-0.270	0.029	0.082	0.303	0.051	0.055	0.890
S	0.067	-1.379	0.173	0.029	-0.491	0.131	0.049	1.078
T	-0.180	-1.609	0.052	0.035	-0.208	0.063	0.006	0.744
V	-0.645	-1.101	-0.224	-0.151	0.178	-0.077	-0.060	-0.575
W	-0.046	0.132	0.118	-0.001	-0.056	0.004	-0.008	0.309
Y	-0.406	-0.651	-0.043	0.044	-0.013	-0.407	-0.192	0.079
Intercept	5.96298
