NumCols:	9
A	0.035	0.040	-0.109	0.027	-0.056	-0.378	0.190	0.115	-0.208
C	0.112	0.053	0.111	0.001	-0.108	0.113	0.006	0.056	-0.185
D	0.046	0.282	0.350	0.038	-0.008	0.250	0.084	0.044	0.192
E	0.047	0.343	0.016	-0.019	-0.048	0.178	-0.060	-0.185	-0.020
F	0.194	0.186	-0.302	-0.080	-0.227	-0.326	-0.699	-0.424	-1.340
G	0.202	-1.813	-0.105	-0.043	-0.155	-0.153	0.169	0.147	-0.292
H	0.091	0.205	-0.143	0.047	-0.130	0.065	-0.014	0.116	0.096
I	0.158	0.094	0.134	-0.007	-0.156	0.171	-0.131	0.052	-0.494
K	-0.459	-0.081	0.214	0.017	0.285	0.272	0.202	0.256	-0.096
L	-0.124	-0.117	0.103	-0.022	0.115	-0.024	-0.264	-0.402	-0.312
M	0.185	-0.053	-0.127	-0.032	-0.159	0.098	-0.134	-0.050	-0.094
N	0.130	-0.007	0.053	0.030	0.257	-0.039	0.199	0.122	0.795
P	-0.040	0.425	0.261	0.118	0.120	0.162	-0.059	-0.027	0.667
Q	-0.262	-0.153	-0.010	0.038	0.001	-0.028	-0.049	-0.042	0.717
R	-0.148	0.101	0.158	0.004	0.381	0.176	0.068	0.081	0.991
S	-0.103	0.157	-0.148	0.007	0.025	-0.140	0.158	0.026	0.283
T	-0.160	0.158	0.049	-0.025	0.117	0.008	0.194	-0.042	1.093
V	0.107	0.233	-0.038	0.026	-0.055	0.242	0.149	0.010	0.198
W	-0.198	-0.324	-0.488	-0.079	-0.309	-0.406	-0.036	0.049	-1.706
Y	0.187	0.271	0.022	-0.045	0.112	-0.240	0.025	0.099	-0.285
Intercept	4.15389
