NumCols:	10
A	-0.011	-0.020	-0.037	0.000	-0.000	-0.164	0.031	0.030	-0.025	0.152
C	0.037	0.000	0.039	-0.000	0.000	-0.137	-0.003	-0.066	0.052	-0.024
D	0.325	0.036	-0.012	0.000	0.000	0.030	0.006	-0.018	0.038	0.151
E	0.462	-0.013	-0.010	-0.000	-0.000	-0.095	0.002	0.079	0.079	0.401
F	-0.238	0.042	-0.059	-0.000	0.000	0.292	-0.015	0.118	0.093	-1.188
G	0.093	0.039	0.003	0.000	-0.000	0.102	0.008	-0.065	0.074	0.519
H	0.261	0.000	-0.002	0.000	-0.000	-0.158	-0.039	0.032	0.003	0.173
I	-0.066	0.143	0.043	-0.000	0.000	0.051	0.037	-0.116	-0.059	0.180
K	-0.338	0.011	0.066	0.000	0.000	0.096	0.004	0.014	0.006	0.164
L	0.064	0.147	-0.030	0.000	0.000	0.091	-0.082	0.070	0.060	-0.542
M	-0.483	0.005	-0.078	-0.000	-0.000	0.071	0.008	-0.002	0.053	-0.509
N	0.187	0.013	-0.017	0.000	0.000	-0.315	0.024	-0.001	-0.236	0.260
P	0.217	-0.346	0.103	-0.000	0.000	0.051	0.073	-0.005	-0.152	0.505
Q	0.091	0.055	-0.059	0.000	-0.000	-0.112	0.005	0.018	-0.067	0.451
R	-0.537	-0.011	0.054	0.000	0.000	0.106	0.037	-0.130	0.170	0.369
S	-0.441	0.008	-0.028	-0.000	-0.000	-0.242	-0.005	-0.050	-0.070	0.304
T	0.195	0.038	0.014	0.000	0.000	0.147	-0.030	0.027	0.007	0.365
V	0.454	-0.208	-0.034	-0.000	0.000	0.004	-0.064	-0.009	-0.116	0.137
W	-0.183	-0.005	0.030	0.000	-0.000	0.115	0.022	0.003	0.127	-0.304
Y	-0.089	0.067	0.015	-0.000	-0.000	0.068	-0.017	0.070	-0.036	-1.565
Intercept	4.39029
