NumCols:	8
A	0.043	0.151	-0.017	-0.054	-0.013	0.182	-0.024	-0.360
C	-0.030	0.008	-0.004	-0.018	-0.102	-0.164	-0.008	-0.396
D	-0.016	0.153	0.088	-0.022	0.216	0.037	0.000	0.592
E	0.216	0.177	0.037	-0.036	0.200	-0.050	0.034	0.507
F	-0.007	-0.059	0.080	-0.046	-0.414	-0.262	-0.026	-1.392
G	0.185	-1.704	0.055	0.090	0.057	0.369	-0.056	0.694
H	-0.174	0.020	0.020	-0.017	-0.083	-0.115	-0.004	0.916
I	-0.041	-0.009	-0.048	-0.026	0.083	0.055	0.045	-1.452
K	-0.113	0.025	0.063	0.082	0.435	0.562	-0.010	0.067
L	-0.147	0.156	-0.126	-0.036	0.087	-0.191	-0.038	-0.608
M	0.141	0.187	-0.047	-0.050	-0.198	-0.056	0.022	-0.824
N	-0.039	0.144	-0.002	0.044	0.203	-0.029	-0.013	0.575
P	0.134	0.348	0.028	0.099	0.343	-0.065	-0.023	1.061
Q	-0.261	0.164	0.020	0.072	-0.030	-0.187	-0.001	0.977
R	0.078	0.145	0.034	0.037	0.447	-0.048	0.014	1.020
S	0.133	-0.235	0.027	0.018	-0.110	0.455	0.036	0.670
T	0.028	0.165	-0.080	-0.047	0.083	-0.153	-0.006	0.562
V	-0.159	0.098	-0.041	0.020	-0.191	0.251	0.041	0.118
W	0.101	-0.107	-0.091	-0.092	-0.387	-0.394	0.046	-1.930
Y	-0.073	0.174	0.003	-0.019	-0.624	-0.195	-0.028	-0.797
Intercept	4.54557
