NumCols:	11
A	-0.431	-0.684	-0.411	-0.058	-0.141	0.000	0.000	0.012	-0.227	0.044	0.656
C	-0.242	0.728	0.124	-0.134	0.015	0.000	-0.000	-0.005	-0.116	0.043	0.593
D	0.227	1.045	0.141	0.025	0.034	0.000	0.000	0.006	0.330	0.008	0.480
E	0.361	0.575	-0.357	0.125	0.152	0.000	0.000	0.006	0.094	0.002	0.484
F	-0.048	0.000	0.091	0.051	-0.013	0.000	0.000	-0.014	0.040	0.013	-1.298
G	-0.102	-0.525	0.542	0.029	0.017	-0.000	-0.000	0.021	0.223	-0.018	0.775
H	-0.463	0.000	-0.004	-0.004	-0.113	-0.000	-0.000	0.007	0.004	0.001	-0.077
I	0.194	-0.099	0.042	0.106	-0.048	0.000	-0.000	-0.004	-0.152	-0.019	-0.533
K	-0.591	0.000	0.013	0.239	0.250	0.000	0.000	0.012	0.174	0.027	0.849
L	-0.134	-0.403	-0.166	-0.010	-0.076	-0.000	0.000	-0.008	0.158	-0.025	-0.830
M	-0.214	-0.138	-0.046	-0.064	-0.054	0.000	-0.000	0.011	0.096	0.043	-1.280
N	0.416	0.480	0.073	-0.031	0.076	-0.000	0.000	0.002	0.153	0.007	0.351
P	0.444	1.685	0.448	0.102	-0.087	0.000	-0.000	0.010	0.080	-0.000	0.526
Q	0.503	-0.113	0.246	0.050	0.180	0.000	0.000	-0.002	-0.010	0.010	0.761
R	-0.730	0.576	-0.399	-0.141	0.012	-0.000	0.000	0.006	0.020	-0.037	0.608
S	0.162	-1.298	-0.085	-0.113	-0.076	-0.000	-0.000	-0.020	-0.094	-0.028	0.932
T	0.402	-1.412	-0.103	-0.064	-0.076	-0.000	0.000	-0.013	-0.267	-0.021	0.293
V	0.215	-0.708	0.152	0.032	0.003	0.000	0.000	-0.002	-0.147	-0.062	-0.687
W	-0.094	0.248	-0.085	-0.119	-0.016	0.000	-0.000	-0.008	0.270	0.060	-1.019
Y	0.125	0.042	-0.215	-0.021	-0.038	-0.000	-0.000	-0.015	-0.629	-0.047	-1.585
Intercept	4.91399
