NumCols:	9
A	-0.513	0.100	-0.118	0.013	0.050	0.005	-0.000	-0.004	0.026
C	-0.184	0.011	0.351	0.039	-0.001	0.002	-0.000	0.023	-0.266
D	0.983	-0.317	0.492	0.010	0.150	0.016	0.000	0.013	0.406
E	0.831	-1.638	0.372	-0.049	0.118	0.025	-0.000	0.010	0.482
F	-0.318	0.335	-0.515	-0.018	-0.113	-0.014	-0.000	0.031	-0.547
G	-0.534	-0.292	0.528	0.087	0.058	0.020	0.000	-0.038	0.657
H	-0.544	-0.099	0.078	0.032	-0.193	0.019	-0.000	0.008	0.650
I	-0.127	-0.899	-0.274	-0.004	-0.180	-0.024	-0.000	-0.013	-1.829
K	-0.252	-0.202	0.065	-0.029	0.245	0.045	0.000	-0.063	0.399
L	0.238	0.929	-0.191	-0.051	-0.022	-0.035	0.000	-0.102	-0.815
M	-0.090	-0.001	-0.819	-0.004	-0.185	-0.020	-0.000	0.013	-0.447
N	0.599	-0.129	0.245	-0.016	0.172	0.020	0.000	0.035	0.628
P	0.759	0.779	0.391	0.123	-0.115	-0.009	-0.000	-0.027	0.733
Q	0.304	-0.751	0.459	-0.060	0.062	0.005	0.000	-0.031	0.644
R	-0.614	-0.134	-0.310	0.103	0.047	0.001	0.000	0.014	0.329
S	-0.003	0.125	-0.051	-0.040	0.104	-0.012	0.000	-0.064	0.030
T	0.791	0.545	0.112	-0.067	0.240	-0.023	-0.000	0.053	-0.064
V	0.131	0.779	-0.265	-0.030	-0.179	-0.025	-0.000	0.062	-0.902
W	-0.997	0.004	-0.224	-0.018	-0.241	-0.014	-0.000	0.027	-0.483
Y	-0.461	0.854	-0.325	-0.022	-0.017	0.015	-0.000	0.052	0.369
Intercept	4.65902
