NumCols:	9
A	-0.063	-0.317	0.003	-0.090	-0.160	-0.186	0.042	0.001	0.019
C	-0.026	0.025	0.292	0.063	-0.080	0.017	-0.014	0.062	-0.034
D	0.268	0.144	0.404	0.146	-0.083	0.093	0.101	0.264	0.428
E	0.138	0.165	0.029	-0.037	0.103	0.208	0.005	-0.098	0.254
F	0.117	0.217	-0.720	-0.099	-0.020	-0.041	0.068	-0.292	-1.401
G	0.086	-0.987	-0.127	-0.057	-0.178	0.086	-0.045	-0.397	-0.194
H	-0.004	0.220	0.064	-0.062	-0.238	0.017	0.037	-0.218	0.314
I	0.140	0.310	-0.217	0.072	0.257	-0.125	0.013	0.215	-0.604
K	-0.537	0.051	0.050	-0.004	-0.231	0.009	-0.009	0.178	0.386
L	0.104	0.038	0.089	0.063	0.133	-0.080	-0.114	0.004	-1.197
M	0.149	0.045	0.115	0.013	-0.073	0.015	0.006	0.153	0.072
N	0.105	0.099	-0.159	-0.041	0.052	-0.096	0.034	0.256	0.718
P	0.277	0.088	0.177	0.125	0.142	-0.346	-0.127	-0.184	1.056
Q	-0.211	-0.247	0.102	0.121	0.125	0.019	-0.026	0.311	0.882
R	-0.418	0.138	0.278	0.104	0.217	0.028	0.014	0.472	0.258
S	-0.421	-0.167	-0.011	-0.024	-0.064	0.011	-0.080	-0.784	0.320
T	0.276	-0.196	0.028	-0.021	0.251	0.075	-0.033	-0.096	0.090
V	-0.176	0.200	-0.102	-0.030	-0.073	-0.011	0.064	-0.143	-0.099
W	0.181	0.174	0.137	-0.059	-0.080	0.124	0.079	0.094	-1.106
Y	0.014	-0.000	-0.430	-0.182	0.001	0.185	-0.016	0.202	-0.164
Intercept	4.50572
