NumCols:	9
A	0.255	0.139	-0.289	0.017	0.026	-0.113	0.149	-0.246	-0.249
C	0.118	0.304	0.159	-0.042	0.004	-0.058	0.344	0.076	0.158
D	-0.339	0.129	0.280	-0.004	0.116	0.065	0.386	0.083	0.888
E	0.643	0.078	0.383	0.034	0.063	0.504	0.201	0.080	0.562
F	-0.274	0.350	-0.180	-0.049	-0.028	-0.069	-0.699	-0.320	-0.910
G	0.354	0.375	0.016	-0.028	-0.020	0.141	0.065	0.061	0.526
H	-0.549	-2.050	-0.300	-0.036	-0.031	0.097	-0.432	0.126	0.339
I	-0.171	0.197	-0.137	0.062	0.005	-0.177	-0.043	0.118	-0.729
K	0.516	0.154	0.164	-0.084	0.012	0.141	0.562	0.100	0.331
L	0.660	-0.051	0.287	-0.105	-0.016	0.102	-0.544	0.103	-1.624
M	-0.156	0.012	-0.161	-0.002	-0.048	-0.038	-0.372	0.497	-1.080
N	-0.879	0.272	-0.299	0.170	-0.069	-0.021	0.133	0.678	0.124
P	0.207	0.008	0.381	-0.015	-0.007	0.009	-0.101	-0.305	0.735
Q	0.368	-0.599	0.097	-0.044	0.035	-0.067	0.376	-0.032	0.902
R	0.294	-0.332	0.318	0.114	-0.001	0.003	-0.085	0.314	0.729
S	-0.432	0.111	-0.315	0.035	-0.037	-0.279	0.301	-0.394	0.704
T	0.097	0.270	-0.229	0.106	-0.069	-0.044	0.494	-0.327	-0.480
V	-0.129	0.147	-0.121	-0.035	0.194	-0.068	0.271	-0.587	-0.935
W	-0.276	0.308	-0.069	-0.033	-0.020	0.034	-0.247	-0.104	-0.121
Y	-0.305	0.178	0.014	-0.062	-0.109	-0.162	-0.759	0.079	0.130
Intercept	5.95296
