NumCols:	9
A	-0.154	0.235	-0.002	-0.078	-0.070	0.086	0.179	0.041	0.151
C	0.046	0.000	0.066	-0.058	0.020	-0.130	-0.058	0.013	0.044
D	0.607	0.588	0.395	0.202	0.108	0.278	0.060	0.009	0.181
E	0.676	0.251	0.015	0.135	0.531	0.315	0.082	-0.025	0.289
F	-0.127	0.660	0.111	-0.036	-0.314	-0.163	0.024	-0.003	-0.303
G	-0.179	0.377	0.415	0.151	-0.022	0.118	0.101	0.026	0.268
H	0.010	-0.087	0.210	-0.031	0.200	-0.019	-0.139	0.013	-0.100
I	0.058	0.016	-0.165	-0.053	-0.055	-0.224	-0.070	0.009	-0.174
K	-0.833	0.134	0.135	-0.075	0.128	0.064	0.192	0.061	-0.018
L	0.135	-0.059	-0.032	0.114	-0.128	-0.054	-0.340	-0.121	-0.887
M	0.041	-0.363	-0.082	0.031	-0.287	0.014	0.085	-0.015	-0.175
N	0.108	-0.267	-0.016	-0.020	0.159	-0.167	0.149	0.019	-0.079
P	0.514	0.544	0.137	0.037	0.089	-0.109	-0.043	0.028	0.213
Q	0.097	-0.623	-0.518	-0.064	0.098	0.133	0.150	0.020	0.205
R	-1.106	-1.360	-0.344	-0.070	-0.191	-0.189	-0.124	-0.041	0.062
S	-0.206	-0.300	0.051	0.006	0.180	0.176	-0.091	-0.003	-0.034
T	0.059	0.036	0.019	-0.093	-0.140	-0.157	-0.099	-0.062	0.035
V	0.408	0.000	0.265	0.015	-0.014	0.116	-0.109	0.004	-0.045
W	-0.286	-0.122	-0.422	-0.103	-0.176	-0.124	-0.049	-0.037	0.197
Y	0.133	0.339	-0.239	-0.010	-0.117	0.036	0.100	0.064	0.171
Intercept	4.85098
