NumCols:	10
A	-0.257	-0.019	-0.081	0.051	-0.096	0.001	-0.052	-0.004	0.219	0.256
C	0.087	-0.238	0.044	0.056	0.093	-0.003	0.009	0.120	0.212	0.524
D	0.188	0.255	0.322	0.108	0.046	0.001	0.033	0.422	0.173	0.001
E	1.208	0.255	0.254	0.016	0.178	-0.001	0.098	0.158	0.016	0.581
F	-0.523	0.557	-0.028	-0.105	-0.195	-0.000	0.069	-0.268	-0.331	-1.241
G	0.017	-0.022	0.171	0.092	0.082	0.003	0.084	-0.438	0.184	0.000
H	-0.015	0.000	-0.170	0.115	-0.001	-0.001	0.015	0.058	0.043	-0.318
I	0.157	0.087	-0.125	-0.065	-0.014	-0.002	0.007	-0.458	-0.247	-0.030
K	-0.406	0.591	0.097	0.026	0.052	0.003	0.108	0.113	0.093	0.491
L	-0.438	0.309	0.028	-0.103	0.028	0.003	-0.095	-0.264	-0.179	-0.632
M	-0.387	0.184	-0.347	0.073	-0.102	-0.001	-0.045	-0.232	-0.076	-1.499
N	0.784	0.292	0.221	-0.069	-0.025	-0.001	0.081	0.058	0.132	0.758
P	0.843	0.347	0.513	0.024	0.018	-0.001	-0.087	0.105	0.129	1.010
Q	0.274	0.000	-0.066	-0.010	-0.069	0.002	-0.115	0.394	-0.040	0.000
R	-0.697	0.306	-0.239	-0.121	-0.092	-0.000	0.059	0.385	-0.010	0.000
S	-0.147	-1.023	-0.402	-0.067	-0.049	-0.004	-0.136	-0.462	-0.132	0.626
T	0.017	-1.280	-0.347	0.016	0.037	0.001	-0.028	-0.158	-0.104	0.110
V	-0.021	-0.603	-0.059	-0.053	-0.006	-0.001	0.006	-0.018	-0.057	-0.064
W	-0.147	0.000	0.356	0.040	0.026	0.000	0.010	0.112	0.044	0.661
Y	-0.536	0.001	-0.142	-0.023	0.088	0.001	-0.022	0.378	-0.068	-1.234
Intercept	4.45013
