NumCols:	8
A	0.271	0.259	-0.061	-0.025	-0.082	-0.010	0.072	-0.029
C	-0.914	-0.196	-0.224	-0.057	0.069	0.126	0.093	-0.100
D	0.670	0.354	0.218	0.131	0.079	0.061	0.059	0.391
E	0.395	0.001	0.315	-0.016	0.146	0.121	-0.059	0.118
F	-0.085	0.510	-0.232	0.058	-0.308	-0.103	-0.023	-0.250
G	0.270	0.284	-0.161	0.098	0.378	0.223	0.079	0.111
H	-0.114	-0.484	-0.013	0.088	0.240	-0.063	-0.048	0.205
I	-0.100	0.036	-0.070	-0.069	-0.107	-0.216	0.074	-0.104
K	-0.454	-0.010	0.485	0.014	-0.109	0.161	0.055	0.129
L	-0.112	-0.022	-0.230	-0.034	-0.554	-0.110	0.012	-0.763
M	0.145	-0.247	-0.076	0.024	0.000	-0.114	0.000	-0.210
N	-0.110	0.153	-0.283	-0.202	0.107	0.068	-0.096	0.110
P	0.716	0.083	0.319	-0.054	0.151	0.076	-0.202	0.246
Q	-0.062	-0.434	-0.216	0.069	-0.151	0.011	-0.042	0.048
R	-0.987	-1.201	0.032	-0.074	-0.063	-0.238	-0.041	0.203
S	-0.281	0.255	0.199	0.067	0.196	-0.129	0.010	0.000
T	0.316	0.416	0.086	-0.048	0.016	-0.067	0.056	-0.101
V	0.175	0.133	0.052	0.145	0.135	0.078	0.029	0.034
W	0.034	-0.202	-0.218	-0.161	-0.016	-0.070	-0.041	-0.122
Y	0.227	0.311	0.077	0.048	-0.128	0.194	0.014	0.084
Intercept	4.85619
