NumCols:	9
A	-0.109	-0.086	-0.118	0.202	0.247	0.079	-0.091	0.243	-0.355
C	0.210	-0.040	-0.153	-0.069	0.047	0.001	0.210	-0.099	0.000
D	-0.119	-0.592	-0.221	-0.061	-0.226	-0.093	-0.575	0.045	0.000
E	0.093	0.239	-0.026	0.057	-0.562	0.011	-0.176	0.023	0.715
F	-0.035	0.002	-0.418	0.121	-0.138	-0.090	-0.113	-0.070	-0.726
G	-0.070	0.017	0.263	0.083	0.292	0.109	0.174	0.276	0.823
H	-0.019	0.103	0.048	0.030	0.011	0.141	0.029	0.126	0.982
I	-0.113	-0.200	-0.045	-0.089	-0.256	-0.082	-0.294	0.125	-1.151
K	0.003	0.171	0.192	-0.120	0.189	0.038	0.210	-0.151	0.827
L	0.244	0.068	-0.068	-0.239	0.056	-0.134	0.075	-0.317	-0.731
M	-0.040	-0.041	0.094	-0.145	-0.012	-0.063	0.124	0.240	-0.645
N	-0.004	-0.015	0.207	0.016	-0.054	0.031	0.054	0.073	0.869
P	0.330	0.203	0.187	0.200	0.000	0.082	-0.047	-0.012	0.846
Q	0.150	-0.020	0.186	0.272	-0.090	0.014	0.196	-0.243	0.000
R	0.322	0.216	0.167	-0.023	-0.026	-0.196	0.258	0.147	-0.440
S	-0.474	-0.160	0.128	0.006	0.352	0.064	0.188	0.305	0.000
T	0.020	-0.071	0.220	0.120	0.137	0.074	0.053	-0.645	-0.182
V	-0.249	0.021	-0.100	-0.125	-0.069	-0.072	-0.181	-0.063	-0.380
W	0.121	0.014	0.096	-0.030	0.102	0.104	0.073	0.069	-0.441
Y	-0.260	0.172	-0.639	-0.207	-0.000	-0.018	-0.167	-0.071	-0.011
Intercept	5.33537
