NumCols:	11
A	0.095	0.006	0.014	0.553	-0.049	-0.022	0.017	0.130	0.062	-0.717	0.024
C	0.001	0.000	0.027	-0.081	0.011	0.000	-0.049	0.000	0.093	-0.124	0.000
D	0.042	0.094	-0.019	-0.386	0.093	0.006	0.000	0.070	0.032	0.035	0.000
E	0.010	0.000	0.152	-0.303	0.009	0.005	0.087	0.048	0.428	0.150	0.030
F	-0.148	0.000	-0.227	-0.425	0.000	0.000	0.092	0.049	-0.370	-0.098	-0.031
G	0.097	0.000	-0.116	-0.032	0.034	0.055	-0.053	-0.186	0.251	0.241	0.000
H	0.017	-0.762	0.051	0.526	0.000	0.000	0.013	0.000	-0.208	-0.069	0.000
I	-0.139	0.017	-0.118	-0.022	-0.048	-0.023	0.050	0.130	-0.016	-0.139	0.063
K	0.079	0.062	0.159	0.384	0.001	0.020	0.074	0.085	0.115	0.260	0.000
L	0.152	0.207	-0.005	0.100	0.009	0.007	0.007	-0.095	-0.164	-0.125	-0.160
M	-0.081	0.000	0.024	0.298	0.000	0.000	-0.162	0.000	0.000	0.079	0.030
N	-0.449	0.000	-0.005	-0.048	-0.056	0.010	0.093	0.040	0.000	0.215	0.000
P	0.136	0.000	0.109	0.082	0.006	-0.022	-0.205	0.025	0.014	0.036	0.000
Q	0.172	-0.127	-0.138	-0.626	-0.014	0.011	-0.138	-0.041	0.131	0.247	0.000
R	0.051	-0.274	-0.027	0.325	0.022	-0.043	-0.012	0.027	0.055	0.030	-0.026
S	-0.134	-0.199	0.013	0.279	0.038	0.021	-0.002	-0.146	-0.054	-0.184	0.000
T	0.093	0.000	0.035	0.119	0.011	-0.045	0.037	0.021	0.083	-0.246	0.030
V	0.118	0.000	-0.047	0.180	-0.020	0.011	0.058	-0.051	0.066	0.193	0.029
W	-0.019	0.000	0.086	0.193	-0.025	0.012	0.134	-0.024	-0.312	0.174	0.009
Y	-0.093	0.976	0.031	-1.114	-0.020	-0.003	-0.041	-0.082	-0.204	0.044	0.000
Intercept	4.64642
