NumCols:	11
A	0.050	0.071	0.013	-0.046	-0.070	0.146	-0.000	-0.065	-0.000	0.051	0.000
C	0.005	0.092	-0.004	0.000	0.017	0.069	-0.000	-0.005	-0.000	-0.002	0.000
D	0.008	-0.019	0.015	-0.017	0.095	0.123	0.000	-0.015	0.000	-0.017	0.000
E	-0.008	0.221	0.006	-0.006	-0.107	0.012	0.000	0.103	-0.000	-0.036	0.000
F	-0.029	-0.076	-0.017	0.025	-0.032	-0.285	-0.000	-0.180	-0.000	0.039	-0.199
G	0.004	-0.474	-0.027	-0.039	-0.146	0.114	0.000	0.058	0.000	0.115	0.063
H	0.017	-0.005	0.007	0.031	-0.054	0.118	-0.000	0.000	0.000	-0.085	0.000
I	0.077	-0.097	0.016	0.000	0.002	-0.121	0.000	-0.017	0.000	-0.024	-0.651
K	0.037	0.072	-0.022	-0.005	0.101	-0.063	-0.000	0.074	0.000	-0.037	0.000
L	-0.003	0.171	-0.014	-0.041	0.188	-0.311	0.000	0.038	-0.000	-0.094	0.573
M	-0.052	-0.247	0.003	0.014	-0.037	-0.113	-0.000	0.000	-0.000	-0.017	-0.310
N	0.000	-0.146	-0.004	-0.024	0.013	-0.056	0.000	0.102	0.000	0.032	0.000
P	-0.057	0.050	0.012	-0.012	0.266	0.085	0.000	0.075	-0.000	-0.092	0.000
Q	-0.005	0.013	0.003	-0.061	-0.132	-0.001	0.000	-0.013	-0.000	0.009	0.000
R	0.013	-0.035	0.009	-0.001	0.015	0.302	0.000	0.095	0.000	0.051	0.000
S	-0.050	0.240	-0.001	0.073	-0.034	0.106	0.000	-0.065	0.000	0.068	0.000
T	-0.008	-0.006	0.006	0.044	0.116	-0.113	-0.000	0.002	-0.000	0.022	0.000
V	-0.004	0.002	-0.005	0.071	-0.126	0.036	-0.000	-0.027	-0.000	0.022	0.926
W	-0.053	-0.062	0.000	0.006	-0.076	0.014	-0.000	-0.044	0.000	0.024	-0.726
Y	0.058	0.235	0.005	-0.011	0.002	-0.063	0.000	-0.116	0.000	-0.029	0.323
Intercept	2.93095
