NumCols:	8
A	0.057	-0.336	-0.048	0.051	-0.140	0.040	0.031	0.433
C	-0.181	0.000	0.111	0.019	-0.090	-0.003	-0.050	0.605
D	0.369	0.355	-0.031	-0.066	0.056	0.086	0.067	0.000
E	0.591	0.000	0.028	0.226	0.372	0.171	-0.058	0.000
F	-0.172	0.000	-0.083	0.050	-0.027	-0.018	0.050	-0.994
G	-0.012	-0.009	-0.040	0.011	-0.048	-0.032	0.124	0.419
H	-0.208	0.616	-0.071	-0.098	0.056	0.027	-0.023	0.000
I	-0.042	-0.289	-0.111	0.048	-0.044	0.071	-0.041	-0.283
K	-0.043	1.612	-0.258	-0.094	0.402	-0.084	0.109	0.587
L	-0.121	0.036	-0.056	-0.050	-0.146	-0.061	-0.076	-0.554
M	-0.042	0.000	0.006	-0.074	-0.309	-0.167	-0.051	-1.146
N	0.274	0.161	0.166	0.045	0.073	-0.242	0.023	0.621
P	0.456	-1.246	0.563	0.069	-0.047	-0.028	0.008	0.268
Q	0.193	0.373	-0.021	0.085	-0.165	0.089	-0.030	0.206
R	-0.708	1.339	-0.278	-0.059	-0.046	-0.118	-0.005	0.341
S	0.218	-1.270	0.054	-0.108	-0.266	0.024	-0.021	0.577
T	-0.043	-1.217	-0.110	0.024	-0.083	0.088	-0.039	1.012
V	0.039	-0.126	0.075	-0.128	0.118	-0.002	-0.030	-0.247
W	-0.318	0.000	-0.075	0.042	0.091	-0.014	0.029	-0.579
Y	-0.307	0.000	0.181	0.006	0.242	0.175	-0.015	-1.266
Intercept	4.84848
