NumCols:	10
A	0.230	0.151	0.066	-0.129	0.023	0.115	0.005	-0.161	0.005	0.083
C	-0.094	0.236	-0.092	0.047	-0.027	0.042	-0.001	-0.149	0.032	0.035
D	0.360	0.280	0.019	0.060	0.026	0.060	0.000	0.393	0.101	0.157
E	0.065	-0.128	0.256	-0.113	-0.001	0.425	0.002	0.528	0.074	0.521
F	-0.090	0.297	0.041	0.022	-0.028	-0.123	-0.011	-0.252	-0.081	-0.543
G	0.003	0.182	0.125	0.191	0.057	-0.046	0.003	-0.269	-0.046	0.233
H	-0.036	0.241	-0.015	0.006	0.034	-0.027	-0.003	-0.141	-0.080	-0.082
I	-0.149	0.182	-0.183	-0.085	0.031	-0.283	-0.011	-0.259	-0.038	-0.438
K	-0.300	-0.095	-0.036	0.226	-0.031	0.177	0.001	0.400	0.008	0.095
L	0.126	0.108	-0.086	-0.023	-0.105	-0.057	-0.012	-0.560	-0.102	-0.858
M	-0.045	0.037	-0.105	0.082	0.027	0.112	0.000	-0.331	0.028	-0.239
N	0.129	-0.070	0.066	-0.121	0.060	-0.150	0.004	0.169	0.061	0.035
P	0.150	0.290	0.337	0.043	-0.041	0.057	-0.006	-0.189	-0.016	0.527
Q	0.121	-0.448	-0.297	-0.218	-0.002	0.268	0.006	-0.177	0.053	0.356
R	-0.691	-1.658	-0.231	-0.066	-0.038	-0.200	-0.002	-0.040	-0.009	-0.152
S	0.111	0.080	0.104	0.140	-0.003	0.066	0.004	0.473	0.105	-0.261
T	0.097	0.239	0.084	0.064	0.035	0.033	0.007	-0.087	-0.025	-0.097
V	-0.113	0.106	0.116	-0.064	0.003	-0.105	0.012	0.435	0.064	-0.163
W	0.009	-0.163	-0.017	-0.081	0.015	-0.189	-0.003	-0.068	-0.087	0.311
Y	0.117	0.135	-0.153	0.019	-0.034	-0.175	0.004	0.284	-0.047	0.480
Intercept	4.73578
