NumCols:	9
A	0.000	0.138	0.070	-0.144	-0.159	-0.377	0.003	-0.058	0.482
C	0.000	0.160	0.007	0.000	-0.145	-0.134	0.002	0.017	0.239
D	-0.000	0.249	0.148	0.135	0.078	-0.027	0.001	0.142	0.023
E	0.000	0.778	0.105	0.080	0.021	0.162	-0.001	-0.060	0.317
F	-0.000	0.474	0.074	-0.176	0.127	0.217	-0.000	0.036	-0.145
G	0.000	0.087	-0.170	0.339	0.136	-0.155	0.004	0.049	0.281
H	0.000	-0.168	0.109	-0.009	0.045	0.392	0.000	-0.008	0.045
I	-0.000	-0.836	-0.108	-0.044	-0.079	0.570	-0.007	-0.065	-0.016
K	-0.000	0.608	0.043	0.145	-0.069	0.105	-0.001	0.014	0.029
L	-0.000	-1.054	-0.003	-0.228	-0.033	-0.025	0.002	0.015	-0.979
M	-0.000	-0.689	0.010	-0.145	-0.113	0.324	-0.002	-0.010	-1.121
N	-0.000	-0.179	0.096	0.083	0.158	-0.192	-0.001	0.043	0.000
P	0.000	0.487	-0.023	0.256	-0.064	0.325	0.005	-0.026	0.000
Q	0.000	-0.303	-0.011	0.064	-0.242	-1.643	-0.002	0.011	0.000
R	0.000	0.695	-0.028	-0.018	0.159	0.035	0.001	-0.017	0.104
S	-0.000	0.172	-0.062	0.241	-0.051	-0.096	-0.000	-0.058	0.000
T	-0.000	-0.116	-0.170	-0.120	0.101	-0.085	-0.002	-0.006	0.000
V	0.000	-0.727	-0.058	0.087	-0.055	0.313	0.002	-0.119	0.123
W	-0.000	0.000	-0.068	-0.273	0.093	-0.016	-0.003	0.046	0.154
Y	0.000	0.222	0.042	-0.274	0.092	0.305	-0.001	0.054	0.464
Intercept	4.58715
