NumCols:	11
A	-0.520	0.188	-0.001	0.025	0.000	-0.019	0.023	0.001	0.111	-0.003	-0.042
C	0.155	-0.148	0.000	-0.006	0.000	-0.131	-0.116	-0.001	0.097	0.000	0.000
D	0.577	-0.031	0.000	-0.028	0.000	0.219	0.033	0.001	0.227	0.002	0.000
E	0.335	-0.912	-0.000	-0.066	-0.000	0.230	0.034	-0.000	0.042	-0.003	0.000
F	-0.394	-0.088	-0.001	-0.033	0.000	-0.023	0.004	0.001	-0.147	0.002	0.226
G	-0.559	0.169	0.001	-0.063	0.000	0.016	0.204	0.000	0.346	-0.001	0.000
H	-0.188	-0.119	-0.000	0.051	-0.000	-0.171	-0.049	0.001	0.071	0.001	0.000
I	0.240	-0.063	0.000	0.117	-0.000	-0.121	0.085	-0.002	-0.073	0.003	-1.310
K	-0.433	-0.032	0.001	0.055	0.000	0.322	0.045	0.000	0.077	-0.001	0.000
L	-0.210	0.116	-0.001	-0.098	-0.000	-0.023	-0.249	-0.001	-0.185	0.001	-0.118
M	0.019	-0.018	-0.000	-0.074	0.000	-0.031	-0.018	-0.000	0.000	0.001	0.177
N	0.046	0.026	0.000	0.057	0.000	0.083	-0.029	-0.000	-0.219	0.003	0.000
P	0.710	0.072	0.000	-0.044	0.000	0.129	-0.009	-0.001	0.106	0.002	0.000
Q	0.345	0.191	0.000	0.047	0.000	0.055	-0.089	0.001	-0.136	-0.005	0.000
R	-0.251	0.006	0.000	-0.020	0.000	-0.210	0.067	-0.001	0.113	-0.001	0.000
S	-0.024	0.247	0.001	0.135	0.000	0.065	0.046	-0.000	0.063	0.001	0.000
T	0.191	-0.025	0.001	0.092	-0.000	-0.405	0.021	0.000	-0.146	-0.002	0.394
V	0.016	0.008	-0.001	-0.070	0.000	0.063	0.076	0.000	-0.266	0.004	-0.525
W	0.146	0.003	0.000	-0.094	-0.000	-0.156	0.020	0.000	-0.051	-0.002	0.467
Y	-0.201	0.409	-0.000	0.016	-0.000	0.108	-0.098	0.000	-0.032	-0.002	0.730
Intercept	4.09785
