MHCKEY	PCC	AUC	Size	Binders
BoLA-AW10-9	0.772	0.969	167	8
BoLA-D18.4-9	0.756	0.878	259	182
BoLA-HD6-9	0.739	0.881	267	218
BoLA-JSP.1-9	0.626	0.799	159	32
BoLA-T2C-9	0.883	0.972	90	84
BoLA-T2a-9	0.865	0.922	167	47
BoLA-T2b-9	0.871	0.948	157	38
H-2-Db-10	0.722	0.912	653	72
H-2-Db-11	0.804	0.985	212	14
H-2-Db-8	0.601	0.914	1113	31
H-2-Db-9	0.805	0.933	1804	616
H-2-Dd-10	0.958	0.999	113	25
H-2-Dd-9	0.701	0.954	250	18
H-2-Kb-10	0.670	0.921	448	38
H-2-Kb-11	0.672	0.915	160	17
H-2-Kb-8	0.835	0.936	1695	854
H-2-Kb-9	0.737	0.882	1678	431
H-2-Kd-10	0.739	0.884	202	52
H-2-Kd-11	0.879	0.983	102	32
H-2-Kd-8	0.812	0.944	80	19
H-2-Kd-9	0.846	0.937	461	192
H-2-Kk-10	0.896	0.942	57	26
H-2-Kk-11	0.949	0.988	51	25
H-2-Kk-8	0.953	0.997	95	46
H-2-Kk-9	0.849	0.942	168	79
H-2-Ld-12	0.857	0.969	90	71
H-2-Ld-9	0.929	0.992	179	39
HLA-A-01:01-10	0.760	0.926	702	138
HLA-A-01:01-11	0.897	1.000	90	7
HLA-A-01:01-8	0.955	1.000	69	1
HLA-A-01:01-9	0.706	0.966	3902	539
HLA-A-02:01-10	0.821	0.936	2753	1150
HLA-A-02:01-11	0.920	0.971	139	32
HLA-A-02:01-8	0.898	0.985	167	18
HLA-A-02:01-9	0.800	0.958	9051	3273
HLA-A-02:02-10	0.796	0.912	1445	658
HLA-A-02:02-11	0.989	1.000	75	21
HLA-A-02:02-8	0.882	0.980	128	16
HLA-A-02:02-9	0.833	0.934	2465	1119
HLA-A-02:03-10	0.817	0.903	1614	811
HLA-A-02:03-11	0.956	0.986	88	22
HLA-A-02:03-8	0.916	0.972	131	20
HLA-A-02:03-9	0.819	0.956	4428	1543
HLA-A-02:06-10	0.810	0.917	1623	679
HLA-A-02:06-11	0.906	0.949	92	20
HLA-A-02:06-8	0.932	1.000	135	7
HLA-A-02:06-9	0.781	0.921	3733	1522
HLA-A-02:11-9	0.846	0.976	1082	401
HLA-A-02:12-9	0.798	0.975	1181	306
HLA-A-02:16-9	0.763	0.985	918	178
HLA-A-02:17-10	0.782	0.870	176	88
HLA-A-02:17-9	0.909	0.963	170	89
HLA-A-02:19-9	0.743	0.989	1243	231
HLA-A-02:50-9	0.944	1.000	135	88
HLA-A-03:01-10	0.832	0.927	1694	720
HLA-A-03:01-11	0.922	0.981	73	14
HLA-A-03:01-8	0.687	0.983	63	3
HLA-A-03:01-9	0.750	0.950	5488	1378
HLA-A-11:01-10	0.825	0.932	1680	755
HLA-A-11:01-11	0.942	0.981	86	21
HLA-A-11:01-8	0.973	1.000	59	5
HLA-A-11:01-9	0.789	0.961	4544	1363
HLA-A-23:01-10	0.924	0.972	580	184
HLA-A-23:01-11	0.944	0.973	60	5
HLA-A-23:01-8	0.958	0.991	57	7
HLA-A-23:01-9	0.758	0.937	1915	410
HLA-A-24:02-10	0.891	0.974	689	189
HLA-A-24:02-11	0.931	1.000	82	6
HLA-A-24:02-8	0.948	0.999	84	13
HLA-A-24:02-9	0.750	0.920	2395	496
HLA-A-24:03-9	0.844	0.979	1372	330
HLA-A-25:01-9	0.660	0.999	935	71
HLA-A-26:01-10	0.761	0.946	632	100
HLA-A-26:01-11	0.903	1.000	58	3
HLA-A-26:01-8	0.750	None	51	0
HLA-A-26:01-9	0.661	0.959	3766	409
HLA-A-26:02-9	0.859	0.984	617	168
HLA-A-26:03-9	0.742	0.989	518	62
HLA-A-29:02-10	0.825	0.926	522	171
HLA-A-29:02-11	0.972	1.000	70	11
HLA-A-29:02-8	0.894	1.000	57	2
HLA-A-29:02-9	0.752	0.910	2110	532
HLA-A-30:01-10	0.852	0.933	289	37
HLA-A-30:01-9	0.798	0.946	2565	736
HLA-A-30:02-10	0.781	0.897	596	226
HLA-A-30:02-11	0.986	1.000	51	13
HLA-A-30:02-8	0.940	1.000	53	4
HLA-A-30:02-9	0.711	0.877	1330	364
HLA-A-31:01-10	0.775	0.898	1640	576
HLA-A-31:01-11	0.963	1.000	54	9
HLA-A-31:01-9	0.799	0.952	3945	1015
HLA-A-32:01-10	0.798	0.929	258	15
HLA-A-32:01-9	0.829	0.933	831	395
HLA-A-32:07-9	0.804	0.938	88	79
HLA-A-32:15-9	0.883	0.946	74	59
HLA-A-33:01-10	0.824	0.934	1560	315
HLA-A-33:01-9	0.809	0.957	1929	387
HLA-A-66:01-9	0.624	1.000	192	12
HLA-A-68:01-10	0.823	0.925	1651	740
HLA-A-68:01-9	0.830	0.934	2036	829
HLA-A-68:02-10	0.799	0.937	1617	481
HLA-A-68:02-11	0.846	0.985	85	7
HLA-A-68:02-8	0.862	0.982	128	5
HLA-A-68:02-9	0.767	0.951	3672	834
HLA-A-68:23-9	0.816	0.905	81	76
HLA-A-69:01-9	0.634	0.969	2558	248
HLA-A-80:01-9	0.718	0.991	1168	122
HLA-B-07:02-10	0.858	0.949	571	237
HLA-B-07:02-11	0.961	1.000	78	5
HLA-B-07:02-8	0.951	0.994	89	17
HLA-B-07:02-9	0.799	0.972	3868	1060
HLA-B-08:01-10	0.876	0.960	365	67
HLA-B-08:01-11	0.845	1.000	65	3
HLA-B-08:01-8	0.989	1.000	52	14
HLA-B-08:01-9	0.740	0.953	3027	715
HLA-B-08:02-9	0.673	0.996	999	37
HLA-B-08:03-9	0.691	0.997	451	18
HLA-B-14:02-9	0.789	0.973	279	42
HLA-B-15:01-10	0.949	0.995	252	164
HLA-B-15:01-9	0.730	0.943	4101	1187
HLA-B-15:02-9	0.784	0.896	164	124
HLA-B-15:03-10	0.993	1.000	57	8
HLA-B-15:03-9	0.907	0.959	583	366
HLA-B-15:09-9	0.651	0.984	814	45
HLA-B-15:17-9	0.770	0.971	1431	365
HLA-B-15:42-9	0.343	0.986	362	3
HLA-B-18:01-10	0.804	0.954	354	51
HLA-B-18:01-11	0.960	0.982	71	16
HLA-B-18:01-8	0.966	0.996	62	11
HLA-B-18:01-9	0.679	0.938	2315	230
HLA-B-27:05-10	0.912	0.979	317	98
HLA-B-27:05-11	0.936	0.972	238	65
HLA-B-27:05-8	0.879	0.974	281	54
HLA-B-27:05-9	0.791	0.971	2811	443
HLA-B-27:20-9	0.954	0.983	92	90
HLA-B-35:01-10	0.842	0.928	523	136
HLA-B-35:01-11	0.952	0.988	63	9
HLA-B-35:01-8	0.940	1.000	76	6
HLA-B-35:01-9	0.796	0.948	2514	821
HLA-B-35:03-10	0.948	0.990	69	3
HLA-B-35:03-9	0.874	0.995	151	15
HLA-B-38:01-9	0.896	0.998	491	147
HLA-B-39:01-9	0.744	0.981	1761	302
HLA-B-40:01-10	0.828	0.920	495	149
HLA-B-40:01-8	0.850	0.994	59	3
HLA-B-40:01-9	0.799	0.984	2824	478
HLA-B-40:02-10	0.884	0.943	361	136
HLA-B-40:02-11	0.917	0.993	53	3
HLA-B-40:02-8	0.923	0.996	61	10
HLA-B-40:02-9	0.862	0.958	572	185
HLA-B-40:13-9	0.922	0.981	59	53
HLA-B-42:01-10	0.991	0.998	56	11
HLA-B-42:01-9	0.971	0.998	131	47
HLA-B-44:02-10	0.868	0.956	503	185
HLA-B-44:02-8	0.873	1.000	62	5
HLA-B-44:02-9	0.720	0.980	1682	236
HLA-B-44:03-10	0.857	0.934	516	192
HLA-B-44:03-11	0.956	1.000	64	8
HLA-B-44:03-8	0.938	0.996	62	5
HLA-B-44:03-9	0.871	0.969	733	207
HLA-B-45:01-10	0.858	0.930	363	72
HLA-B-45:01-11	0.919	0.970	50	6
HLA-B-45:01-8	0.982	1.000	63	4
HLA-B-45:01-9	0.862	0.978	574	108
HLA-B-46:01-9	0.557	0.992	1793	94
HLA-B-48:01-9	0.661	0.993	883	73
HLA-B-51:01-10	0.712	0.947	499	54
HLA-B-51:01-11	0.900	1.000	57	3
HLA-B-51:01-8	0.858	0.995	72	6
HLA-B-51:01-9	0.664	0.955	2239	233
HLA-B-53:01-10	0.830	0.928	507	158
HLA-B-53:01-11	0.944	1.000	56	2
HLA-B-53:01-8	0.812	0.929	72	2
HLA-B-53:01-9	0.784	0.954	1052	332
HLA-B-54:01-10	0.884	0.967	344	67
HLA-B-54:01-8	0.925	0.992	66	1
HLA-B-54:01-9	0.840	0.957	721	145
HLA-B-57:01-10	0.879	0.915	250	61
HLA-B-57:01-11	0.968	0.975	51	18
HLA-B-57:01-9	0.782	0.979	2529	384
HLA-B-58:01-10	0.895	0.930	241	72
HLA-B-58:01-11	0.988	1.000	50	12
HLA-B-58:01-9	0.803	0.978	2984	654
HLA-B-58:02-9	0.907	0.990	54	9
HLA-B-73:01-9	0.872	0.993	122	17
HLA-B-83:01-9	0.824	0.980	337	40
HLA-C-03:03-9	0.903	0.971	154	116
HLA-C-04:01-9	0.328	0.986	520	21
HLA-C-05:01-9	0.910	0.996	172	68
HLA-C-06:02-9	0.903	0.979	301	96
HLA-C-07:01-9	0.905	0.967	220	87
HLA-C-07:02-9	0.922	0.961	140	82
HLA-C-08:02-9	0.845	0.915	87	32
HLA-C-12:03-9	0.670	0.719	172	155
HLA-C-14:02-9	0.796	0.881	235	185
HLA-C-15:02-9	0.873	0.957	253	116
HLA-E-01:01-9	0.900	0.993	96	14
HLA-E-01:03-9	0.857	0.984	67	5
Mamu-A-01-10	0.808	0.921	682	274
Mamu-A-01-11	0.832	0.926	466	166
Mamu-A-01-8	0.879	0.961	532	171
Mamu-A-01-9	0.850	0.941	909	492
Mamu-A-02-10	0.834	0.933	334	154
Mamu-A-02-11	0.809	0.921	306	94
Mamu-A-02-8	0.839	0.947	229	69
Mamu-A-02-9	0.886	0.948	488	265
Mamu-A-07-10	0.892	0.976	109	13
Mamu-A-07-11	0.929	1.000	96	11
Mamu-A-07-8	0.924	0.994	113	17
Mamu-A-07-9	0.920	0.992	361	173
Mamu-A-11-10	0.877	0.945	288	117
Mamu-A-11-11	0.838	0.931	222	46
Mamu-A-11-8	0.917	0.975	224	46
Mamu-A-11-9	0.817	0.930	525	191
Mamu-A-2201-10	0.842	0.970	217	23
Mamu-A-2201-9	0.915	0.969	457	191
Mamu-A-2601-9	0.883	0.974	180	49
Mamu-A2-0102-9	0.896	0.955	138	26
Mamu-A7-0103-9	0.907	0.984	102	22
Mamu-B-01-10	0.739	1.000	216	1
Mamu-B-01-11	0.692	0.982	223	2
Mamu-B-01-8	0.787	0.984	166	7
Mamu-B-01-9	0.934	0.987	274	74
Mamu-B-03-10	0.932	0.990	258	77
Mamu-B-03-11	0.937	0.977	221	53
Mamu-B-03-8	0.904	0.974	241	58
Mamu-B-03-9	0.897	0.976	406	118
Mamu-B-08-10	0.915	0.978	256	81
Mamu-B-08-11	0.937	0.996	220	48
Mamu-B-08-8	0.920	0.983	240	49
Mamu-B-08-9	0.905	0.971	402	126
Mamu-B-1001-9	0.888	0.959	140	42
Mamu-B-17-10	0.801	0.913	558	140
Mamu-B-17-11	0.904	0.994	200	13
Mamu-B-17-8	0.792	0.996	167	6
Mamu-B-17-9	0.882	0.949	722	280
Mamu-B-3901-8	0.927	0.971	66	12
Mamu-B-3901-9	0.857	0.945	354	201
Mamu-B-52-10	0.890	0.930	115	52
Mamu-B-52-11	0.854	0.930	105	55
Mamu-B-52-8	0.920	0.964	269	178
Mamu-B-52-9	0.903	0.967	401	262
Mamu-B-6601-9	0.846	0.933	100	72
Mamu-B-8301-10	0.880	0.920	217	129
Mamu-B-8301-9	0.924	0.965	206	90
Mamu-B-8701-9	0.980	0.983	119	42
Patr-A-0101-10	0.860	0.944	184	54
Patr-A-0101-9	0.860	0.947	239	54
Patr-A-0301-10	0.824	0.980	158	30
Patr-A-0301-9	0.869	0.964	204	27
Patr-A-0401-10	0.901	0.962	140	34
Patr-A-0401-9	0.864	0.938	178	40
Patr-A-0701-10	0.876	0.948	262	64
Patr-A-0701-9	0.808	0.946	319	67
Patr-A-0901-10	0.848	0.917	195	76
Patr-A-0901-11	0.943	0.966	240	127
Patr-A-0901-9	0.889	0.919	208	77
Patr-B-0101-10	0.867	0.951	226	56
Patr-B-0101-11	0.977	1.000	66	21
Patr-B-0101-9	0.871	0.962	484	112
Patr-B-1301-10	0.988	0.992	71	51
Patr-B-1301-9	0.952	0.980	129	75
Patr-B-2401-10	0.899	0.968	130	22
Patr-B-2401-9	0.924	0.990	193	62
RT1A-15	0.898	0.978	139	19
SLA-1-0401-9	0.769	0.915	185	124
SLA-2-0401-9	0.903	0.969	105	34
SLA-3-0401-9	0.881	0.983	76	29
