NumCols:	9
A	-0.113	-1.065	-0.178	-0.026	-0.118	0.119	0.009	0.117	-0.199
C	-0.833	0.220	-0.127	-0.030	-0.008	0.058	0.044	0.043	0.001
D	0.807	0.822	0.104	0.006	-0.057	-0.050	0.127	0.444	0.001
E	0.654	0.903	0.232	0.022	0.125	0.050	-0.067	0.038	1.051
F	-0.240	0.910	-0.535	0.038	-0.244	0.020	-0.128	-0.275	-0.174
G	0.205	-0.135	0.113	0.169	0.059	-0.091	-0.170	0.205	0.843
H	-0.286	0.281	0.081	0.019	-0.128	-0.069	-0.044	-0.113	0.001
I	0.060	-0.269	-0.059	-0.084	-0.159	0.000	0.031	-0.087	-2.404
K	-0.503	0.240	0.682	0.073	0.212	0.226	0.096	-0.053	0.560
L	-0.342	0.035	-0.018	0.088	0.130	0.079	0.032	-0.031	-1.138
M	-0.681	-0.003	-0.162	0.003	0.065	0.102	0.146	0.146	-0.885
N	0.689	0.586	0.052	-0.009	-0.021	-0.013	0.081	0.181	-0.392
P	0.975	0.706	-0.026	-0.162	-0.197	-0.005	-0.127	-0.051	1.011
Q	0.142	0.063	-0.017	-0.082	0.088	-0.007	0.040	-0.089	0.001
R	-0.768	0.300	0.159	0.034	0.066	-0.115	-0.144	0.038	0.793
S	-0.144	-1.508	-0.023	-0.083	0.005	-0.054	-0.179	-0.357	0.848
T	0.324	-1.618	0.031	-0.011	0.023	-0.128	0.052	-0.127	0.741
V	0.219	-0.557	0.365	0.038	-0.006	0.057	0.068	-0.102	-0.794
W	-0.056	0.038	-0.272	-0.022	0.028	-0.043	0.018	-0.173	0.129
Y	-0.110	0.053	-0.403	0.017	0.136	-0.136	0.115	0.246	0.005
Intercept	5.71297
