NumCols:	10
A	0.113	-0.115	-0.024	-0.004	-0.191	0.049	0.043	-0.063	0.050	0.000
C	-0.070	0.000	-0.008	-0.002	0.056	-0.019	0.297	-0.078	0.023	0.000
D	0.442	0.000	0.002	0.003	0.217	0.056	-0.075	0.102	0.065	0.000
E	0.395	0.000	0.021	-0.001	-0.146	-0.025	0.476	0.183	0.021	0.000
F	-0.016	0.000	-0.004	-0.003	-0.189	-0.027	-0.169	0.066	-0.020	0.359
G	0.177	0.880	0.016	0.008	0.026	0.121	-0.403	0.066	-0.034	0.000
H	0.043	0.000	-0.002	0.000	-0.090	-0.017	0.089	0.131	-0.018	0.000
I	-0.495	0.691	-0.001	-0.000	-0.060	0.045	0.046	0.002	-0.007	-1.887
K	-0.556	0.000	0.023	0.005	0.076	0.040	-0.010	-0.042	-0.003	0.486
L	-0.375	-0.401	0.008	-0.000	-0.081	-0.014	-0.147	-0.180	-0.026	-0.722
M	-0.134	0.342	0.004	0.002	0.031	0.006	0.159	-0.096	-0.001	0.000
N	0.703	0.000	-0.000	-0.002	0.044	-0.041	-0.151	0.037	0.014	0.000
P	0.837	0.000	0.004	0.002	0.122	-0.032	-0.014	0.064	0.011	0.000
Q	-0.405	0.164	0.008	-0.008	0.293	-0.013	0.324	0.002	0.024	0.000
R	-0.429	0.000	0.005	0.006	-0.135	0.102	-0.170	-0.111	-0.008	0.000
S	-0.239	-0.996	-0.005	-0.003	-0.073	-0.078	-0.005	-0.318	-0.055	0.000
T	0.151	-0.671	-0.001	-0.002	-0.082	-0.038	-0.139	-0.090	-0.024	0.000
V	0.025	0.106	-0.000	-0.000	0.054	-0.101	0.052	0.152	-0.024	0.250
W	0.089	0.000	-0.017	-0.004	0.118	-0.029	-0.347	0.136	0.004	1.121
Y	-0.254	0.000	-0.029	0.003	0.009	0.016	0.145	0.038	0.008	0.393
Intercept	4.76126
