NumCols:	9
A	0.207	0.441	0.000	-0.000	-0.000	0.000	-0.004	-0.100	0.174
C	-0.362	-0.061	-0.000	-0.000	-0.000	-0.000	-0.024	-0.004	0.000
D	0.128	-0.048	0.001	-0.000	0.000	0.000	0.013	0.150	0.000
E	0.072	0.302	-0.000	0.000	0.000	0.000	0.011	-0.024	0.000
F	0.058	-0.093	-0.002	-0.000	-0.000	-0.000	-0.005	-0.100	0.068
G	0.216	0.114	0.001	-0.000	0.000	0.000	-0.000	0.046	0.000
H	-0.299	-0.209	0.000	-0.000	0.000	-0.000	-0.008	-0.001	0.000
I	0.014	-0.103	-0.001	0.000	0.000	-0.000	-0.003	0.047	0.414
K	-0.798	0.000	0.000	-0.000	-0.000	-0.000	-0.012	-0.042	-1.434
L	0.251	0.134	-0.001	0.000	-0.000	0.000	-0.010	-0.046	0.423
M	-0.149	-0.166	0.000	0.000	0.000	-0.000	0.001	0.000	0.478
N	0.073	0.000	0.001	0.000	-0.000	-0.000	0.004	-0.069	0.000
P	0.503	0.108	-0.000	0.000	0.000	0.000	0.005	-0.082	0.000
Q	-0.081	-0.174	0.000	-0.000	-0.000	0.000	0.029	0.028	0.000
R	-0.114	0.191	0.001	0.000	0.000	-0.000	0.031	0.188	-1.516
S	-0.052	0.349	0.001	0.000	0.000	0.000	0.033	0.030	0.000
T	0.155	0.373	0.000	-0.000	-0.000	-0.000	0.017	0.162	0.000
V	0.303	0.280	-0.000	0.000	0.000	0.000	-0.013	0.150	0.626
W	-0.128	-0.779	-0.001	-0.000	0.000	-0.000	-0.037	0.010	0.635
Y	0.006	-0.659	-0.001	-0.000	-0.000	0.000	-0.028	-0.343	0.131
Intercept	3.96824
