NumCols:	11
A	-0.446	-0.455	0.260	0.041	-0.069	0.894	0.029	0.140	-0.045	0.071	-0.893
C	0.586	0.386	0.377	0.385	0.195	-0.292	0.009	0.051	0.052	0.073	0.533
D	0.318	1.035	0.231	0.298	-0.028	0.040	-0.048	0.193	-0.009	-0.005	0.751
E	0.530	0.828	0.279	0.365	-0.001	-0.017	0.034	0.320	0.017	0.062	1.030
F	-0.150	-0.791	-0.360	-0.250	-0.123	-0.397	-0.075	-0.240	-0.061	0.044	-0.259
G	0.119	0.280	0.378	-0.066	-0.005	0.071	0.020	-0.008	0.055	-0.005	0.430
H	-0.307	0.578	-0.065	-0.279	0.016	-0.567	-0.030	-0.166	-0.007	0.016	1.592
I	0.144	-0.244	-1.047	0.058	0.007	0.156	0.182	0.018	0.033	0.117	-1.393
K	-0.572	0.410	0.142	0.270	0.038	-0.573	0.027	0.021	0.035	0.104	0.505
L	-0.020	0.074	-0.356	0.212	0.171	0.316	0.028	-0.153	-0.012	0.182	-1.359
M	-0.323	-0.436	-0.218	-0.398	0.006	0.009	-0.122	-0.165	-0.039	0.026	-1.651
N	-0.091	-0.171	0.032	0.030	-0.025	0.073	-0.024	0.013	-0.054	-0.044	0.394
P	0.465	1.012	0.654	-0.083	-0.100	-0.125	0.033	0.076	-0.007	-0.216	0.583
Q	-0.087	-0.101	-0.322	-0.025	0.019	0.151	0.004	-0.120	-0.074	-0.187	0.414
R	0.364	0.683	0.202	-0.107	0.117	0.521	0.006	-0.019	0.172	0.030	-0.786
S	-0.554	-0.437	0.407	-0.171	-0.088	-0.204	0.018	0.245	-0.013	-0.147	-0.131
T	-0.411	0.014	0.237	-0.162	-0.012	0.225	0.037	-0.087	-0.004	-0.094	0.296
V	-0.053	-0.317	-0.313	0.008	0.000	0.603	0.047	-0.024	-0.003	0.088	-1.353
W	0.240	-1.287	-0.080	-0.302	-0.090	-0.390	-0.102	-0.128	0.072	0.019	0.063
Y	0.249	-1.060	-0.440	0.175	-0.029	-0.495	-0.074	0.033	-0.109	-0.134	1.233
Intercept	5.1647
