NumCols:	10
A	0.182	0.329	0.000	-0.000	-0.066	-0.245	-0.000	0.058	-0.380	0.826
C	-0.138	0.000	-0.000	-0.000	-0.041	-0.117	-0.000	-0.157	-0.127	0.000
D	-0.154	0.000	0.000	0.000	0.002	0.034	-0.000	0.114	0.474	0.000
E	0.874	0.000	0.000	0.000	0.142	0.119	0.000	0.036	0.152	0.000
F	0.224	-0.537	-0.000	-0.000	-0.184	0.022	-0.000	-0.272	-0.140	0.000
G	0.261	0.305	-0.000	-0.000	0.004	-0.018	0.000	0.127	0.302	0.000
H	-0.189	0.000	0.000	-0.000	0.049	0.142	-0.000	-0.002	-0.639	0.212
I	-0.249	0.192	0.000	0.000	0.023	0.026	-0.000	-0.056	0.493	1.028
K	-0.960	0.000	0.000	-0.000	0.075	0.010	0.000	0.246	-0.003	-0.912
L	0.241	-0.477	0.000	0.000	0.003	0.072	-0.000	-0.176	-0.530	0.312
M	-0.139	-0.563	-0.000	0.000	0.066	0.105	-0.000	0.079	0.298	0.000
N	0.514	0.000	0.000	-0.000	0.077	0.088	-0.000	0.096	-0.207	0.000
P	0.471	0.000	0.000	-0.000	0.020	-0.126	0.000	0.076	-0.052	0.000
Q	0.190	0.263	0.000	0.000	0.091	-0.078	0.000	-0.122	0.157	0.000
R	-0.746	0.000	-0.000	-0.000	-0.051	0.002	0.000	0.103	0.339	-1.006
S	-0.038	0.081	0.000	0.000	-0.089	-0.101	0.000	0.049	0.166	0.000
T	-0.010	0.215	0.000	0.000	-0.030	0.201	0.000	-0.029	0.099	0.000
V	0.191	0.192	0.000	-0.000	-0.014	-0.035	-0.000	0.014	0.084	-0.153
W	-0.611	0.000	-0.000	0.000	-0.124	-0.078	0.000	-0.167	0.003	0.000
Y	0.087	0.000	-0.000	-0.000	0.048	-0.025	-0.000	-0.018	-0.490	-0.307
Intercept	4.09679
