NumCols:	9
A	0.034	-0.444	-0.028	-0.050	0.000	0.000	0.427	0.267	-0.164
C	0.000	0.000	0.000	0.000	0.000	0.000	0.000	-0.087	0.000
D	0.000	0.000	0.000	0.192	0.000	0.000	0.000	0.000	0.000
E	0.000	0.000	0.000	-0.047	0.000	0.000	0.276	0.158	0.172
F	0.036	0.000	0.038	0.016	0.000	-0.000	-0.382	0.125	-0.075
G	0.053	0.000	0.000	0.000	0.000	-0.000	0.118	0.000	0.000
H	0.077	0.000	0.089	0.038	-0.000	0.000	0.061	0.000	0.000
I	0.227	-0.356	-0.023	0.094	0.000	-0.000	0.243	-0.144	-0.225
K	-0.548	0.000	0.000	-0.151	0.000	0.000	0.200	0.000	0.000
L	0.319	0.723	-0.083	0.072	-0.000	0.000	-0.231	0.707	0.510
M	-0.137	0.674	-0.086	-0.119	0.000	0.000	-0.543	0.000	-0.327
N	0.000	-0.662	0.050	-0.051	-0.000	-0.000	0.000	-0.459	0.000
P	0.000	0.000	0.000	0.150	0.000	0.000	0.375	-0.185	0.000
Q	0.000	0.553	0.000	-0.044	0.000	-0.000	0.054	0.278	0.000
R	-0.267	-0.763	-0.145	-0.306	-0.000	0.000	0.000	0.068	0.000
S	0.076	-0.131	-0.025	-0.088	-0.000	0.000	0.062	-0.123	0.000
T	0.056	0.362	0.000	0.066	-0.000	0.000	-0.103	-0.487	0.000
V	0.012	-0.110	0.065	0.093	0.000	-0.000	0.162	-0.310	0.214
W	0.000	-0.080	0.049	-0.038	-0.000	-0.000	-0.559	0.000	-0.184
Y	0.062	0.236	0.099	0.175	0.000	-0.000	-0.158	0.191	0.078
Intercept	3.46724
