NumCols:	9
A	-0.191	0.024	-0.174	-0.017	-0.094	-0.000	-0.166	-0.000	0.000
C	0.017	0.000	0.000	-0.002	-0.058	0.000	-0.034	-0.000	0.000
D	0.006	0.000	-1.315	0.007	0.102	-0.000	0.101	-0.000	0.000
E	0.070	0.000	-0.522	0.007	0.094	0.000	0.008	-0.000	0.000
F	-0.052	0.000	0.035	0.005	0.047	-0.000	0.246	-0.000	-0.000
G	-0.012	0.000	0.000	0.004	-0.249	-0.000	0.038	-0.000	0.000
H	0.117	0.000	0.061	-0.007	-0.117	-0.000	-0.014	0.000	0.000
I	0.023	-0.559	0.359	0.023	-0.125	0.000	0.030	0.000	0.000
K	-0.058	0.276	0.668	-0.018	-0.041	0.000	0.141	0.000	0.000
L	0.086	-0.271	0.040	0.025	0.068	0.000	-0.225	0.000	0.000
M	-0.050	0.087	0.140	0.014	-0.030	0.000	0.020	0.000	0.000
N	0.083	0.459	-0.256	0.009	0.202	0.000	0.108	-0.000	0.000
P	0.012	0.000	0.000	-0.023	0.036	0.000	-0.240	-0.000	0.000
Q	0.043	0.247	-0.125	-0.002	0.168	-0.000	0.062	0.000	0.000
R	-0.101	0.000	1.021	-0.034	0.284	-0.000	0.171	0.000	0.000
S	-0.030	0.315	0.133	-0.017	-0.202	0.000	-0.154	0.000	0.000
T	-0.010	-0.178	0.238	0.009	-0.193	-0.000	-0.114	-0.000	0.000
V	-0.005	-0.564	0.034	0.002	-0.010	-0.000	0.064	0.000	0.000
W	0.061	0.000	-0.156	-0.015	-0.022	0.000	-0.132	0.000	-0.000
Y	-0.009	0.164	-0.181	0.031	0.142	-0.000	0.090	0.000	-0.000
Intercept	2.81954
